Timestamp;WC0;WC1
1370206417000;8.0;7.0
1370206418000;17.0;14.0
1370206419000;19.0;12.0
1370206420000;16.0;10.0
1370206421000;18.0;17.0
1370206422000;20.0;14.0
1370206423000;13.0;24.0
1370206424000;18.0;18.0
1370206425000;19.0;21.0
1370206426000;14.0;9.0
1370206427000;15.0;13.0
1370206428000;16.0;11.0
1370206429000;17.0;20.0
1370206430000;17.0;15.0
1370206431000;18.0;11.0
1370206432000;12.0;16.0
1370206433000;21.0;13.0
1370206434000;14.0;15.0
1370206435000;11.0;15.0
1370206436000;12.0;10.0
1370206437000;15.0;16.0
1370206438000;17.0;16.0
1370206439000;14.0;19.0
1370206440000;11.0;17.0
1370206441000;13.0;14.0
1370206442000;16.0;12.0
1370206443000;17.0;15.0
1370206444000;21.0;12.0
1370206445000;17.0;13.0
1370206446000;17.0;13.0
1370206447000;10.0;12.0
1370206448000;18.0;17.0
1370206449000;19.0;10.0
1370206450000;14.0;14.0
1370206451000;14.0;9.0
1370206452000;13.0;18.0
1370206453000;17.0;19.0
1370206454000;10.0;14.0
1370206455000;13.0;8.0
1370206456000;13.0;15.0
1370206457000;19.0;8.0
1370206458000;11.0;16.0
1370206459000;17.0;19.0
1370206460000;14.0;11.0
1370206461000;15.0;18.0
1370206462000;13.0;14.0
1370206463000;16.0;14.0
1370206464000;15.0;18.0
1370206465000;12.0;14.0
1370206466000;16.0;16.0
1370206467000;11.0;19.0
1370206468000;16.0;8.0
1370206469000;12.0;15.0
1370206470000;18.0;21.0
1370206471000;10.0;13.0
1370206472000;18.0;14.0
1370206473000;11.0;14.0
1370206474000;13.0;11.0
1370206475000;12.0;15.0
1370206476000;15.0;15.0
1370206477000;15.0;9.0
1370206478000;12.0;11.0
1370206479000;18.0;12.0
1370206480000;13.0;14.0
1370206481000;14.0;13.0
1370206482000;13.0;20.0
1370206483000;20.0;6.0
1370206484000;11.0;15.0
1370206485000;17.0;15.0
1370206486000;10.0;21.0
1370206487000;18.0;14.0
1370206488000;11.0;10.0
1370206489000;11.0;17.0
1370206490000;15.0;17.0
1370206491000;13.0;19.0
1370206492000;20.0;12.0
1370206493000;20.0;8.0
1370206494000;13.0;13.0
1370206495000;15.0;17.0
1370206496000;13.0;18.0
1370206497000;16.0;14.0
1370206498000;13.0;16.0
1370206499000;11.0;15.0
1370206500000;14.0;12.0
1370206501000;11.0;18.0
1370206502000;19.0;13.0
1370206503000;14.0;10.0
1370206504000;21.0;14.0
1370206505000;15.0;14.0
1370206506000;16.0;13.0
1370206507000;20.0;16.0
1370206508000;18.0;20.0
1370206509000;11.0;15.0
1370206510000;23.0;13.0
1370206511000;9.0;8.0
1370206512000;17.0;14.0
1370206513000;13.0;16.0
1370206514000;10.0;16.0
1370206515000;15.0;15.0
1370206516000;13.0;17.0
1370206517000;15.0;13.0
1370206518000;18.0;14.0
1370206519000;19.0;8.0
1370206520000;17.0;11.0
1370206521000;12.0;17.0
1370206522000;15.0;9.0
1370206523000;12.0;13.0
1370206524000;13.0;15.0
1370206525000;13.0;17.0
1370206526000;15.0;15.0
1370206527000;15.0;10.0
1370206528000;13.0;12.0
1370206529000;14.0;12.0
1370206530000;16.0;12.0
1370206531000;12.0;16.0
1370206532000;16.0;19.0
1370206533000;12.0;14.0
1370206534000;9.0;18.0
1370206535000;14.0;17.0
1370206536000;15.0;15.0
1370206537000;7.0;15.0
1370206538000;14.0;14.0
1370206539000;17.0;13.0
1370206540000;18.0;8.0
1370206541000;5.0;15.0
1370206542000;14.0;15.0
1370206543000;15.0;19.0
1370206544000;10.0;18.0
1370206545000;17.0;13.0
1370206546000;14.0;22.0
1370206547000;19.0;16.0
1370206548000;12.0;14.0
1370206549000;17.0;13.0
1370206550000;15.0;18.0
1370206551000;15.0;12.0
1370206552000;15.0;22.0
1370206553000;29.0;18.0
1370206554000;18.0;9.0
1370206555000;15.0;14.0
1370206556000;16.0;11.0
1370206557000;11.0;10.0
1370206558000;14.0;15.0
1370206559000;19.0;14.0
1370206560000;14.0;13.0
1370206561000;12.0;16.0
1370206562000;14.0;11.0
1370206563000;15.0;12.0
1370206564000;14.0;15.0
1370206565000;13.0;14.0
1370206566000;14.0;10.0
1370206567000;9.0;17.0
1370206568000;22.0;12.0
1370206569000;11.0;13.0
1370206570000;14.0;15.0
1370206571000;16.0;12.0
1370206572000;17.0;12.0
1370206573000;11.0;17.0
1370206574000;11.0;15.0
1370206575000;13.0;17.0
1370206576000;13.0;12.0
1370206577000;18.0;15.0
1370206578000;16.0;17.0
1370206579000;8.0;13.0
1370206580000;12.0;22.0
1370206581000;17.0;10.0
1370206582000;8.0;17.0
1370206583000;15.0;19.0
1370206584000;17.0;11.0
1370206585000;15.0;16.0
1370206586000;13.0;18.0
1370206587000;11.0;15.0
1370206588000;18.0;14.0
1370206589000;16.0;13.0
1370206590000;15.0;17.0
1370206591000;13.0;17.0
1370206592000;19.0;14.0
1370206593000;14.0;14.0
1370206594000;14.0;18.0
1370206595000;9.0;20.0
1370206596000;19.0;19.0
1370206597000;17.0;8.0
1370206598000;21.0;19.0
1370206599000;16.0;15.0
1370206600000;21.0;19.0
1370206601000;15.0;9.0
1370206602000;16.0;14.0
1370206603000;17.0;21.0
1370206604000;11.0;17.0
1370206605000;12.0;19.0
1370206606000;20.0;11.0
1370206607000;8.0;12.0
1370206608000;22.0;15.0
1370206609000;17.0;16.0
1370206610000;13.0;12.0
1370206611000;12.0;16.0
1370206612000;13.0;11.0
1370206613000;12.0;8.0
1370206614000;16.0;16.0
1370206615000;11.0;14.0
1370206616000;17.0;14.0
1370206617000;14.0;18.0
1370206618000;12.0;14.0
1370206619000;10.0;11.0
1370206620000;15.0;10.0
1370206621000;15.0;12.0
1370206622000;14.0;15.0
1370206623000;14.0;13.0
1370206624000;15.0;17.0
1370206625000;13.0;15.0
1370206626000;14.0;13.0
1370206627000;15.0;14.0
1370206628000;14.0;11.0
1370206629000;12.0;15.0
1370206630000;17.0;17.0
1370206631000;12.0;15.0
1370206632000;12.0;11.0
1370206633000;9.0;18.0
1370206634000;16.0;16.0
1370206635000;17.0;16.0
1370206636000;15.0;10.0
1370206637000;12.0;11.0
1370206638000;11.0;23.0
1370206639000;13.0;17.0
1370206640000;14.0;14.0
1370206641000;16.0;20.0
1370206642000;16.0;19.0
1370206643000;14.0;12.0
1370206644000;15.0;13.0
1370206645000;12.0;14.0
1370206646000;14.0;9.0
1370206647000;7.0;19.0
1370206648000;18.0;15.0
1370206649000;14.0;12.0
1370206650000;10.0;13.0
1370206651000;14.0;9.0
1370206652000;18.0;20.0
1370206653000;10.0;20.0
1370206654000;14.0;16.0
1370206655000;20.0;12.0
1370206656000;19.0;12.0
1370206657000;12.0;16.0
1370206658000;13.0;12.0
1370206659000;20.0;16.0
1370206660000;16.0;8.0
1370206661000;16.0;10.0
1370206662000;11.0;19.0
1370206663000;19.0;9.0
1370206664000;10.0;19.0
1370206665000;15.0;15.0
1370206666000;9.0;11.0
1370206667000;14.0;14.0
1370206668000;15.0;15.0
1370206669000;14.0;10.0
1370206670000;20.0;14.0
1370206671000;19.0;15.0
1370206672000;17.0;16.0
1370206673000;15.0;8.0
1370206674000;13.0;13.0
1370206675000;10.0;16.0
1370206676000;16.0;12.0
1370206677000;15.0;23.0
1370206678000;12.0;17.0
1370206679000;13.0;17.0
1370206680000;12.0;11.0
1370206681000;17.0;14.0
1370206682000;21.0;10.0
1370206683000;12.0;15.0
1370206684000;16.0;17.0
1370206685000;12.0;18.0
1370206686000;11.0;19.0
1370206687000;15.0;16.0
1370206688000;12.0;18.0
1370206689000;14.0;14.0
1370206690000;11.0;12.0
1370206691000;18.0;9.0
1370206692000;15.0;9.0
1370206693000;12.0;10.0
1370206694000;20.0;14.0
1370206695000;11.0;12.0
1370206696000;17.0;13.0
1370206697000;15.0;21.0
1370206698000;16.0;15.0
1370206699000;19.0;22.0
1370206700000;10.0;11.0
1370206701000;12.0;12.0
1370206702000;11.0;15.0
1370206703000;17.0;11.0
1370206704000;13.0;15.0
1370206705000;17.0;16.0
1370206706000;12.0;15.0
1370206707000;16.0;20.0
1370206708000;11.0;21.0
1370206709000;16.0;16.0
1370206710000;14.0;17.0
1370206711000;13.0;15.0
1370206712000;13.0;22.0
1370206713000;19.0;10.0
1370206714000;12.0;15.0
1370206715000;18.0;15.0
1370206716000;14.0;15.0
1370206717000;18.0;12.0
1370206718000;12.0;16.0
1370206719000;14.0;16.0
1370206720000;19.0;19.0
1370206721000;18.0;13.0
1370206722000;19.0;17.0
1370206723000;14.0;15.0
1370206724000;11.0;14.0
1370206725000;13.0;19.0
1370206726000;14.0;13.0
1370206727000;12.0;20.0
1370206728000;13.0;10.0
1370206729000;14.0;16.0
1370206730000;14.0;14.0
1370206731000;11.0;18.0
1370206732000;22.0;14.0
1370206733000;8.0;9.0
1370206734000;16.0;14.0
1370206735000;18.0;10.0
1370206736000;15.0;17.0
1370206737000;16.0;17.0
1370206738000;12.0;20.0
1370206739000;14.0;14.0
1370206740000;13.0;20.0
1370206741000;13.0;19.0
1370206742000;18.0;19.0
1370206743000;18.0;18.0
1370206744000;16.0;10.0
1370206745000;13.0;12.0
1370206746000;18.0;20.0
1370206747000;19.0;21.0
1370206748000;17.0;11.0
1370206749000;16.0;13.0
1370206750000;9.0;16.0
1370206751000;15.0;14.0
1370206752000;11.0;11.0
1370206753000;19.0;17.0
1370206754000;14.0;13.0
1370206755000;13.0;19.0
1370206756000;14.0;12.0
1370206757000;7.0;19.0
1370206758000;17.0;13.0
1370206759000;14.0;17.0
1370206760000;11.0;11.0
1370206761000;18.0;15.0
1370206762000;15.0;16.0
1370206763000;19.0;15.0
1370206764000;13.0;22.0
1370206765000;12.0;12.0
1370206766000;20.0;16.0
1370206767000;18.0;15.0
1370206768000;17.0;17.0
1370206769000;17.0;14.0
1370206770000;19.0;18.0
1370206771000;17.0;22.0
1370206772000;17.0;18.0
1370206773000;14.0;16.0
1370206774000;12.0;24.0
1370206775000;13.0;12.0
1370206776000;16.0;13.0
1370206777000;11.0;11.0
1370206778000;12.0;16.0
1370206779000;17.0;19.0
1370206780000;17.0;19.0
1370206781000;15.0;11.0
1370206782000;10.0;21.0
1370206783000;15.0;16.0
1370206784000;18.0;21.0
1370206785000;13.0;18.0
1370206786000;11.0;12.0
1370206787000;12.0;14.0
1370206788000;20.0;17.0
1370206789000;19.0;15.0
1370206790000;13.0;15.0
1370206791000;20.0;18.0
1370206792000;13.0;14.0
1370206793000;15.0;14.0
1370206794000;14.0;9.0
1370206795000;11.0;17.0
1370206796000;16.0;17.0
1370206797000;20.0;13.0
1370206798000;16.0;17.0
1370206799000;21.0;19.0
1370206800000;26.0;18.0
1370206801000;18.0;13.0
1370206802000;15.0;20.0
1370206803000;18.0;19.0
1370206804000;20.0;18.0
1370206805000;16.0;15.0
1370206806000;8.0;16.0
1370206807000;10.0;22.0
1370206808000;20.0;14.0
1370206809000;14.0;16.0
1370206810000;19.0;15.0
1370206811000;15.0;11.0
1370206812000;14.0;16.0
1370206813000;17.0;18.0
1370206814000;15.0;15.0
1370206815000;19.0;11.0
1370206816000;11.0;21.0
1370206817000;14.0;15.0
1370206818000;20.0;9.0
1370206819000;8.0;19.0
1370206820000;19.0;10.0
1370206821000;16.0;14.0
1370206822000;20.0;17.0
1370206823000;18.0;13.0
1370206824000;19.0;18.0
1370206825000;21.0;12.0
1370206826000;11.0;15.0
1370206827000;11.0;22.0
1370206828000;12.0;13.0
1370206829000;16.0;19.0
1370206830000;14.0;9.0
1370206831000;12.0;13.0
1370206832000;16.0;10.0
1370206833000;14.0;19.0
1370206834000;14.0;14.0
1370206835000;13.0;14.0
1370206836000;15.0;19.0
1370206837000;16.0;16.0
1370206838000;15.0;14.0
1370206839000;8.0;20.0
1370206840000;15.0;20.0
1370206841000;16.0;17.0
1370206842000;12.0;20.0
1370206843000;17.0;16.0
1370206844000;8.0;8.0
1370206845000;19.0;22.0
1370206846000;17.0;19.0
1370206847000;17.0;11.0
1370206848000;15.0;16.0
1370206849000;12.0;20.0
1370206850000;13.0;14.0
1370206851000;16.0;21.0
1370206852000;15.0;20.0
1370206853000;15.0;12.0
1370206854000;17.0;15.0
1370206855000;14.0;13.0
1370206856000;13.0;17.0
1370206857000;16.0;13.0
1370206858000;15.0;15.0
1370206859000;9.0;22.0
1370206860000;10.0;16.0
1370206861000;20.0;13.0
1370206862000;22.0;11.0
1370206863000;12.0;16.0
1370206864000;14.0;24.0
1370206865000;14.0;14.0
1370206866000;18.0;17.0
1370206867000;13.0;17.0
1370206868000;17.0;14.0
1370206869000;22.0;11.0
1370206870000;14.0;19.0
1370206871000;7.0;16.0
1370206872000;15.0;15.0
1370206873000;17.0;19.0
1370206874000;12.0;17.0
1370206875000;17.0;18.0
1370206876000;16.0;16.0
1370206877000;10.0;21.0
1370206878000;11.0;20.0
1370206879000;12.0;15.0
1370206880000;8.0;15.0
1370206881000;15.0;16.0
1370206882000;15.0;11.0
1370206883000;17.0;12.0
1370206884000;15.0;19.0
1370206885000;13.0;13.0
1370206886000;12.0;8.0
1370206887000;14.0;17.0
1370206888000;15.0;12.0
1370206889000;16.0;13.0
1370206890000;20.0;19.0
1370206891000;17.0;13.0
1370206892000;15.0;12.0
1370206893000;18.0;12.0
1370206894000;15.0;15.0
1370206895000;12.0;17.0
1370206896000;18.0;16.0
1370206897000;15.0;16.0
1370206898000;12.0;14.0
1370206899000;16.0;14.0
1370206900000;14.0;16.0
1370206901000;15.0;9.0
1370206902000;11.0;18.0
1370206903000;12.0;22.0
1370206904000;14.0;12.0
1370206905000;20.0;14.0
1370206906000;6.0;29.0
1370206907000;14.0;13.0
1370206908000;12.0;13.0
1370206909000;16.0;20.0
1370206910000;20.0;9.0
1370206911000;14.0;15.0
1370206912000;16.0;13.0
1370206913000;16.0;15.0
1370206914000;13.0;15.0
1370206915000;15.0;9.0
1370206916000;17.0;19.0
1370206917000;14.0;12.0
1370206918000;10.0;17.0
1370206919000;15.0;14.0
1370206920000;17.0;21.0
1370206921000;16.0;18.0
1370206922000;17.0;18.0
1370206923000;16.0;18.0
1370206924000;20.0;14.0
1370206925000;16.0;13.0
1370206926000;18.0;13.0
1370206927000;17.0;14.0
1370206928000;15.0;16.0
1370206929000;13.0;13.0
1370206930000;13.0;14.0
1370206931000;15.0;15.0
1370206932000;14.0;16.0
1370206933000;12.0;18.0
1370206934000;17.0;12.0
1370206935000;16.0;17.0
1370206936000;9.0;13.0
1370206937000;11.0;9.0
1370206938000;14.0;17.0
1370206939000;20.0;10.0
1370206940000;15.0;12.0
1370206941000;20.0;11.0
1370206942000;11.0;14.0
1370206943000;19.0;16.0
1370206944000;17.0;19.0
1370206945000;18.0;12.0
1370206946000;8.0;13.0
1370206947000;15.0;15.0
1370206948000;14.0;15.0
1370206949000;16.0;14.0
1370206950000;17.0;9.0
1370206951000;15.0;14.0
1370206952000;11.0;20.0
1370206953000;15.0;7.0
1370206954000;17.0;22.0
1370206955000;10.0;10.0
1370206956000;13.0;18.0
1370206957000;9.0;20.0
1370206958000;7.0;18.0
1370206959000;12.0;15.0
1370206960000;13.0;13.0
1370206961000;13.0;14.0
1370206962000;16.0;15.0
1370206963000;11.0;21.0
1370206964000;17.0;12.0
1370206965000;16.0;15.0
1370206966000;14.0;22.0
1370206967000;17.0;17.0
1370206968000;11.0;17.0
1370206969000;12.0;14.0
1370206970000;12.0;18.0
1370206971000;11.0;10.0
1370206972000;14.0;11.0
1370206973000;11.0;16.0
1370206974000;15.0;13.0
1370206975000;15.0;15.0
1370206976000;12.0;10.0
1370206977000;15.0;17.0
1370206978000;13.0;22.0
1370206979000;17.0;13.0
1370206980000;13.0;16.0
1370206981000;13.0;16.0
1370206982000;16.0;23.0
1370206983000;11.0;16.0
1370206984000;19.0;14.0
1370206985000;8.0;15.0
1370206986000;21.0;11.0
1370206987000;21.0;18.0
1370206988000;11.0;18.0
1370206989000;15.0;11.0
1370206990000;23.0;15.0
1370206991000;19.0;13.0
1370206992000;18.0;9.0
1370206993000;12.0;12.0
1370206994000;13.0;17.0
1370206995000;12.0;15.0
1370206996000;16.0;23.0
1370206997000;18.0;11.0
1370206998000;8.0;11.0
1370206999000;8.0;14.0
1370207000000;17.0;18.0
1370207001000;15.0;16.0
1370207002000;12.0;17.0
1370207003000;15.0;14.0
1370207004000;18.0;17.0
1370207005000;10.0;10.0
1370207006000;16.0;11.0
1370207007000;19.0;10.0
1370207008000;13.0;19.0
1370207009000;20.0;11.0
1370207010000;16.0;19.0
1370207011000;13.0;13.0
1370207012000;10.0;18.0
1370207013000;11.0;16.0
1370207014000;15.0;17.0
1370207015000;17.0;21.0
1370207016000;13.0;19.0
1370207017000;21.0;14.0
1370207018000;18.0;12.0
1370207019000;9.0;21.0
1370207020000;13.0;6.0
1370207021000;18.0;16.0
1370207022000;19.0;12.0
1370207023000;12.0;19.0
1370207024000;18.0;10.0
1370207025000;11.0;23.0
1370207026000;9.0;19.0
1370207027000;17.0;11.0
1370207028000;18.0;15.0
1370207029000;13.0;10.0
1370207030000;13.0;15.0
1370207031000;17.0;15.0
1370207032000;13.0;15.0
1370207033000;20.0;16.0
1370207034000;12.0;16.0
1370207035000;15.0;13.0
1370207036000;17.0;19.0
1370207037000;14.0;18.0
1370207038000;20.0;11.0
1370207039000;13.0;13.0
1370207040000;13.0;15.0
1370207041000;11.0;16.0
1370207042000;15.0;12.0
1370207043000;11.0;13.0
1370207044000;17.0;8.0
1370207045000;14.0;19.0
1370207046000;9.0;16.0
1370207047000;13.0;17.0
1370207048000;19.0;17.0
1370207049000;15.0;10.0
1370207050000;14.0;11.0
1370207051000;14.0;19.0
1370207052000;17.0;19.0
1370207053000;14.0;11.0
1370207054000;9.0;19.0
1370207055000;19.0;13.0
1370207056000;15.0;11.0
1370207057000;15.0;11.0
1370207058000;18.0;13.0
1370207059000;18.0;12.0
1370207060000;9.0;12.0
1370207061000;15.0;13.0
1370207062000;15.0;10.0
1370207063000;12.0;15.0
1370207064000;17.0;14.0
1370207065000;12.0;27.0
1370207066000;6.0;17.0
1370207067000;14.0;13.0
1370207068000;11.0;21.0
1370207069000;17.0;16.0
1370207070000;15.0;11.0
1370207071000;17.0;15.0
1370207072000;14.0;18.0
1370207073000;12.0;13.0
1370207074000;15.0;15.0
1370207075000;14.0;12.0
1370207076000;12.0;12.0
1370207077000;19.0;12.0
1370207078000;15.0;14.0
1370207079000;14.0;18.0
1370207080000;14.0;14.0
1370207081000;9.0;16.0
1370207082000;13.0;10.0
1370207083000;14.0;17.0
1370207084000;16.0;21.0
1370207085000;14.0;10.0
1370207086000;10.0;13.0
1370207087000;11.0;13.0
1370207088000;17.0;10.0
1370207089000;10.0;21.0
1370207090000;15.0;17.0
1370207091000;16.0;9.0
1370207092000;20.0;14.0
1370207093000;16.0;11.0
1370207094000;14.0;11.0
1370207095000;18.0;17.0
1370207096000;19.0;13.0
1370207097000;12.0;19.0
1370207098000;17.0;22.0
1370207099000;15.0;17.0
1370207100000;16.0;14.0
1370207101000;14.0;10.0
1370207102000;16.0;15.0
1370207103000;16.0;13.0
1370207104000;10.0;19.0
1370207105000;12.0;12.0
1370207106000;9.0;17.0
1370207107000;13.0;18.0
1370207108000;18.0;16.0
1370207109000;17.0;14.0
1370207110000;11.0;12.0
1370207111000;12.0;14.0
1370207112000;16.0;24.0
1370207113000;15.0;15.0
1370207114000;12.0;16.0
1370207115000;21.0;15.0
1370207116000;17.0;11.0
1370207117000;12.0;13.0
1370207118000;9.0;16.0
1370207119000;19.0;4.0
1370207120000;16.0;23.0
1370207121000;16.0;14.0
1370207122000;16.0;15.0
1370207123000;13.0;14.0
1370207124000;13.0;14.0
1370207125000;14.0;16.0
1370207126000;15.0;18.0
1370207127000;19.0;13.0
1370207128000;10.0;12.0
1370207129000;15.0;22.0
1370207130000;14.0;11.0
1370207131000;12.0;10.0
1370207132000;14.0;21.0
1370207133000;16.0;16.0
1370207134000;15.0;13.0
1370207135000;16.0;9.0
1370207136000;17.0;12.0
1370207137000;17.0;11.0
1370207138000;11.0;18.0
1370207139000;12.0;16.0
1370207140000;20.0;18.0
1370207141000;17.0;11.0
1370207142000;14.0;12.0
1370207143000;18.0;18.0
1370207144000;22.0;16.0
1370207145000;13.0;17.0
1370207146000;12.0;15.0
1370207147000;18.0;18.0
1370207148000;20.0;8.0
1370207149000;12.0;19.0
1370207150000;13.0;13.0
1370207151000;22.0;17.0
1370207152000;15.0;16.0
1370207153000;20.0;11.0
1370207154000;16.0;11.0
1370207155000;14.0;9.0
1370207156000;16.0;12.0
1370207157000;9.0;13.0
1370207158000;11.0;17.0
1370207159000;15.0;14.0
1370207160000;11.0;20.0
1370207161000;7.0;15.0
1370207162000;16.0;10.0
1370207163000;14.0;14.0
1370207164000;5.0;19.0
1370207165000;14.0;13.0
1370207166000;21.0;18.0
1370207167000;14.0;12.0
1370207168000;18.0;15.0
1370207169000;14.0;18.0
1370207170000;15.0;12.0
1370207171000;21.0;14.0
1370207172000;22.0;16.0
1370207173000;17.0;14.0
1370207174000;13.0;12.0
1370207175000;10.0;20.0
1370207176000;15.0;13.0
1370207177000;15.0;17.0
1370207178000;13.0;11.0
1370207179000;18.0;13.0
1370207180000;12.0;14.0
1370207181000;19.0;14.0
1370207182000;22.0;21.0
1370207183000;12.0;17.0
1370207184000;16.0;15.0
1370207185000;16.0;15.0
1370207186000;18.0;12.0
1370207187000;8.0;17.0
1370207188000;19.0;11.0
1370207189000;19.0;12.0
1370207190000;13.0;16.0
1370207191000;19.0;15.0
1370207192000;12.0;14.0
1370207193000;16.0;21.0
1370207194000;20.0;17.0
1370207195000;13.0;16.0
1370207196000;11.0;20.0
1370207197000;16.0;19.0
1370207198000;19.0;10.0
1370207199000;15.0;21.0
1370207200000;13.0;15.0
1370207201000;19.0;12.0
1370207202000;20.0;20.0
1370207203000;5.0;16.0
1370207204000;15.0;16.0
1370207205000;9.0;16.0
1370207206000;15.0;10.0
1370207207000;11.0;18.0
1370207208000;10.0;14.0
1370207209000;13.0;20.0
1370207210000;17.0;15.0
1370207211000;13.0;15.0
1370207212000;17.0;11.0
1370207213000;17.0;16.0
1370207214000;11.0;20.0
1370207215000;17.0;23.0
1370207216000;12.0;16.0
1370207217000;15.0;18.0
1370207218000;15.0;7.0
1370207219000;23.0;14.0
1370207220000;22.0;8.0
1370207221000;11.0;15.0
1370207222000;18.0;13.0
1370207223000;17.0;14.0
1370207224000;16.0;21.0
1370207225000;18.0;15.0
1370207226000;11.0;14.0
1370207227000;23.0;18.0
1370207228000;17.0;14.0
1370207229000;13.0;18.0
1370207230000;19.0;15.0
1370207231000;19.0;13.0
1370207232000;16.0;12.0
1370207233000;14.0;11.0
1370207234000;17.0;13.0
1370207235000;15.0;21.0
1370207236000;14.0;22.0
1370207237000;14.0;18.0
1370207238000;14.0;15.0
1370207239000;17.0;16.0
1370207240000;12.0;16.0
1370207241000;9.0;16.0
1370207242000;14.0;12.0
1370207243000;13.0;17.0
1370207244000;11.0;16.0
1370207245000;12.0;10.0
1370207246000;16.0;15.0
1370207247000;13.0;17.0
1370207248000;17.0;14.0
1370207249000;15.0;18.0
1370207250000;11.0;11.0
1370207251000;20.0;15.0
1370207252000;19.0;8.0
1370207253000;14.0;16.0
1370207254000;12.0;17.0
1370207255000;16.0;13.0
1370207256000;17.0;16.0
1370207257000;11.0;19.0
1370207258000;14.0;12.0
1370207259000;12.0;13.0
1370207260000;14.0;11.0
1370207261000;11.0;15.0
1370207262000;15.0;13.0
1370207263000;17.0;11.0
1370207264000;15.0;20.0
1370207265000;14.0;18.0
1370207266000;10.0;10.0
1370207267000;16.0;15.0
1370207268000;17.0;14.0
1370207269000;13.0;18.0
1370207270000;16.0;16.0
1370207271000;10.0;24.0
1370207272000;12.0;11.0
1370207273000;14.0;16.0
1370207274000;17.0;9.0
1370207275000;19.0;13.0
1370207276000;14.0;11.0
1370207277000;17.0;16.0
1370207278000;14.0;11.0
1370207279000;15.0;18.0
1370207280000;19.0;14.0
1370207281000;16.0;19.0
1370207282000;13.0;13.0
1370207283000;9.0;18.0
1370207284000;15.0;15.0
1370207285000;9.0;15.0
1370207286000;12.0;16.0
1370207287000;15.0;11.0
1370207288000;17.0;13.0
1370207289000;15.0;17.0
1370207290000;12.0;17.0
1370207291000;14.0;14.0
1370207292000;12.0;7.0
1370207293000;15.0;15.0
1370207294000;7.0;18.0
1370207295000;16.0;10.0
1370207296000;14.0;15.0
1370207297000;14.0;14.0
1370207298000;15.0;13.0
1370207299000;14.0;17.0
1370207300000;14.0;8.0
1370207301000;13.0;20.0
1370207302000;24.0;13.0
1370207303000;11.0;17.0
1370207304000;16.0;18.0
1370207305000;5.0;13.0
1370207306000;15.0;19.0
1370207307000;10.0;18.0
1370207308000;14.0;8.0
1370207309000;19.0;15.0
1370207310000;12.0;18.0
1370207311000;11.0;16.0
1370207312000;14.0;22.0
1370207313000;14.0;18.0
1370207314000;23.0;9.0
1370207315000;14.0;14.0
1370207316000;12.0;11.0
1370207317000;17.0;15.0
1370207318000;15.0;10.0
1370207319000;17.0;11.0
1370207320000;16.0;13.0
1370207321000;12.0;11.0
1370207322000;16.0;16.0
1370207323000;15.0;18.0
1370207324000;12.0;13.0
1370207325000;14.0;17.0
1370207326000;14.0;11.0
1370207327000;20.0;15.0
1370207328000;20.0;8.0
1370207329000;13.0;18.0
1370207330000;16.0;12.0
1370207331000;13.0;18.0
1370207332000;12.0;16.0
1370207333000;13.0;21.0
1370207334000;19.0;14.0
1370207335000;20.0;13.0
1370207336000;15.0;12.0
1370207337000;14.0;16.0
1370207338000;10.0;17.0
1370207339000;17.0;10.0
1370207340000;14.0;13.0
1370207341000;15.0;16.0
1370207342000;15.0;22.0
1370207343000;14.0;14.0
1370207344000;16.0;12.0
1370207345000;13.0;13.0
1370207346000;20.0;14.0
1370207347000;19.0;13.0
1370207348000;14.0;13.0
1370207349000;15.0;17.0
1370207350000;10.0;18.0
1370207351000;16.0;13.0
1370207352000;14.0;21.0
1370207353000;13.0;13.0
1370207354000;17.0;15.0
1370207355000;23.0;12.0
1370207356000;12.0;12.0
1370207357000;14.0;11.0
1370207358000;14.0;11.0
1370207359000;21.0;15.0
1370207360000;14.0;13.0
1370207361000;17.0;13.0
1370207362000;16.0;11.0
1370207363000;19.0;13.0
1370207364000;20.0;18.0
1370207365000;15.0;14.0
1370207366000;10.0;16.0
1370207367000;16.0;22.0
1370207368000;22.0;21.0
1370207369000;17.0;14.0
1370207370000;15.0;16.0
1370207371000;8.0;19.0
1370207372000;18.0;14.0
1370207373000;25.0;17.0
1370207374000;9.0;8.0
1370207375000;17.0;12.0
1370207376000;14.0;20.0
1370207377000;15.0;15.0
1370207378000;11.0;15.0
1370207379000;21.0;14.0
1370207380000;14.0;6.0
1370207381000;11.0;12.0
1370207382000;12.0;12.0
1370207383000;20.0;17.0
1370207384000;17.0;12.0
1370207385000;14.0;14.0
1370207386000;19.0;16.0
1370207387000;14.0;13.0
1370207388000;14.0;17.0
1370207389000;17.0;15.0
1370207390000;18.0;11.0
1370207391000;16.0;11.0
1370207392000;18.0;13.0
1370207393000;15.0;19.0
1370207394000;17.0;15.0
1370207395000;15.0;15.0
1370207396000;12.0;14.0
1370207397000;20.0;9.0
1370207398000;11.0;15.0
1370207399000;16.0;16.0
1370207400000;17.0;18.0
1370207401000;17.0;13.0
1370207402000;18.0;12.0
1370207403000;12.0;19.0
1370207404000;15.0;16.0
1370207405000;14.0;11.0
1370207406000;17.0;12.0
1370207407000;17.0;13.0
1370207408000;17.0;16.0
1370207409000;21.0;17.0
1370207410000;15.0;12.0
1370207411000;17.0;17.0
1370207412000;15.0;17.0
1370207413000;15.0;18.0
1370207414000;13.0;17.0
1370207415000;17.0;15.0
1370207416000;13.0;13.0
1370207417000;14.0;15.0
1370207418000;15.0;13.0
1370207419000;17.0;13.0
1370207420000;15.0;17.0
1370207421000;11.0;17.0
1370207422000;14.0;15.0
1370207423000;17.0;18.0
1370207424000;10.0;16.0
1370207425000;17.0;11.0
1370207426000;16.0;14.0
1370207427000;12.0;11.0
1370207428000;10.0;23.0
1370207429000;14.0;11.0
1370207430000;13.0;20.0
1370207431000;12.0;10.0
1370207432000;13.0;16.0
1370207433000;15.0;13.0
1370207434000;14.0;19.0
1370207435000;13.0;18.0
1370207436000;20.0;16.0
1370207437000;14.0;13.0
1370207438000;7.0;22.0
1370207439000;14.0;14.0
1370207440000;14.0;11.0
1370207441000;14.0;16.0
1370207442000;18.0;10.0
1370207443000;12.0;14.0
1370207444000;15.0;15.0
1370207445000;18.0;13.0
1370207446000;17.0;20.0
1370207447000;13.0;17.0
1370207448000;12.0;8.0
1370207449000;15.0;25.0
1370207450000;11.0;14.0
1370207451000;18.0;14.0
1370207452000;14.0;11.0
1370207453000;9.0;18.0
1370207454000;8.0;12.0
1370207455000;11.0;14.0
1370207456000;15.0;21.0
1370207457000;14.0;17.0
1370207458000;13.0;10.0
1370207459000;15.0;11.0
1370207460000;17.0;18.0
1370207461000;16.0;12.0
1370207462000;17.0;15.0
1370207463000;20.0;19.0
1370207464000;15.0;17.0
1370207465000;12.0;11.0
1370207466000;18.0;15.0
1370207467000;9.0;13.0
1370207468000;7.0;14.0
1370207469000;10.0;15.0
1370207470000;8.0;18.0
1370207471000;18.0;21.0
1370207472000;16.0;12.0
1370207473000;18.0;13.0
1370207474000;20.0;18.0
1370207475000;19.0;19.0
1370207476000;13.0;19.0
1370207477000;18.0;10.0
1370207478000;13.0;13.0
1370207479000;10.0;15.0
1370207480000;13.0;11.0
1370207481000;9.0;22.0
1370207482000;14.0;15.0
1370207483000;18.0;14.0
1370207484000;12.0;13.0
1370207485000;17.0;15.0
1370207486000;19.0;14.0
1370207487000;12.0;20.0
1370207488000;14.0;13.0
1370207489000;16.0;16.0
1370207490000;19.0;18.0
1370207491000;21.0;14.0
1370207492000;14.0;16.0
1370207493000;15.0;14.0
1370207494000;13.0;17.0
1370207495000;13.0;11.0
1370207496000;20.0;11.0
1370207497000;17.0;15.0
1370207498000;18.0;20.0
1370207499000;16.0;12.0
1370207500000;19.0;12.0
1370207501000;10.0;27.0
1370207502000;15.0;13.0
1370207503000;16.0;12.0
1370207504000;15.0;20.0
1370207505000;13.0;20.0
1370207506000;14.0;11.0
1370207507000;20.0;14.0
1370207508000;25.0;19.0
1370207509000;17.0;13.0
1370207510000;16.0;17.0
1370207511000;17.0;17.0
1370207512000;19.0;14.0
1370207513000;17.0;23.0
1370207514000;14.0;13.0
1370207515000;13.0;15.0
1370207516000;19.0;16.0
1370207517000;14.0;17.0
1370207518000;12.0;15.0
1370207519000;21.0;14.0
1370207520000;19.0;18.0
1370207521000;14.0;14.0
1370207522000;17.0;18.0
1370207523000;17.0;18.0
1370207524000;12.0;16.0
1370207525000;14.0;22.0
1370207526000;13.0;16.0
1370207527000;19.0;9.0
1370207528000;15.0;12.0
1370207529000;16.0;17.0
1370207530000;17.0;18.0
1370207531000;20.0;19.0
1370207532000;15.0;13.0
1370207533000;15.0;15.0
1370207534000;20.0;15.0
1370207535000;16.0;14.0
1370207536000;12.0;17.0
1370207537000;20.0;12.0
1370207538000;17.0;11.0
1370207539000;18.0;13.0
1370207540000;14.0;16.0
1370207541000;13.0;14.0
1370207542000;16.0;12.0
1370207543000;17.0;22.0
1370207544000;14.0;16.0
1370207545000;21.0;16.0
1370207546000;11.0;17.0
1370207547000;14.0;12.0
1370207548000;16.0;15.0
1370207549000;12.0;17.0
1370207550000;11.0;11.0
1370207551000;14.0;17.0
1370207552000;15.0;10.0
1370207553000;11.0;16.0
1370207554000;15.0;10.0
1370207555000;8.0;11.0
1370207556000;16.0;15.0
1370207557000;15.0;18.0
1370207558000;10.0;15.0
1370207559000;14.0;13.0
1370207560000;16.0;18.0
1370207561000;11.0;14.0
1370207562000;18.0;14.0
1370207563000;14.0;19.0
1370207564000;15.0;17.0
1370207565000;12.0;14.0
1370207566000;25.0;14.0
1370207567000;13.0;19.0
1370207568000;8.0;18.0
1370207569000;14.0;15.0
1370207570000;16.0;12.0
1370207571000;13.0;14.0
1370207572000;21.0;9.0
1370207573000;12.0;15.0
1370207574000;15.0;17.0
1370207575000;12.0;20.0
1370207576000;13.0;20.0
1370207577000;7.0;21.0
1370207578000;20.0;14.0
1370207579000;21.0;18.0
1370207580000;12.0;15.0
1370207581000;16.0;13.0
1370207582000;17.0;17.0
1370207583000;20.0;12.0
1370207584000;17.0;12.0
1370207585000;10.0;12.0
1370207586000;13.0;9.0
1370207587000;20.0;16.0
1370207588000;19.0;21.0
1370207589000;16.0;16.0
1370207590000;21.0;13.0
1370207591000;14.0;24.0
1370207592000;12.0;12.0
1370207593000;16.0;15.0
1370207594000;14.0;17.0
1370207595000;16.0;21.0
1370207596000;19.0;11.0
1370207597000;13.0;18.0
1370207598000;15.0;19.0
1370207599000;20.0;14.0
1370207600000;17.0;16.0
1370207601000;17.0;9.0
1370207602000;13.0;8.0
1370207603000;12.0;28.0
1370207604000;11.0;15.0
1370207605000;15.0;17.0
1370207606000;17.0;11.0
1370207607000;8.0;7.0
1370207608000;13.0;11.0
1370207609000;9.0;12.0
1370207610000;14.0;10.0
1370207611000;20.0;17.0
1370207612000;13.0;16.0
1370207613000;17.0;13.0
1370207614000;12.0;15.0
1370207615000;17.0;16.0
1370207616000;14.0;11.0
1370207617000;25.0;12.0
1370207618000;11.0;19.0
1370207619000;22.0;12.0
1370207620000;23.0;14.0
1370207621000;15.0;17.0
1370207622000;15.0;10.0
1370207623000;18.0;7.0
1370207624000;11.0;14.0
1370207625000;11.0;14.0
1370207626000;8.0;18.0
1370207627000;18.0;16.0
1370207628000;21.0;15.0
1370207629000;12.0;10.0
1370207630000;19.0;17.0
1370207631000;15.0;14.0
1370207632000;17.0;13.0
1370207633000;16.0;14.0
1370207634000;17.0;17.0
1370207635000;13.0;14.0
1370207636000;9.0;12.0
1370207637000;13.0;14.0
1370207638000;10.0;17.0
1370207639000;13.0;15.0
1370207640000;10.0;13.0
1370207641000;19.0;17.0
1370207642000;19.0;19.0
1370207643000;16.0;15.0
1370207644000;16.0;14.0
1370207645000;17.0;12.0
1370207646000;12.0;19.0
1370207647000;14.0;11.0
1370207648000;14.0;17.0
1370207649000;13.0;17.0
1370207650000;17.0;14.0
1370207651000;12.0;14.0
1370207652000;11.0;12.0
1370207653000;15.0;12.0
1370207654000;21.0;12.0
1370207655000;12.0;15.0
1370207656000;19.0;13.0
1370207657000;18.0;15.0
1370207658000;12.0;8.0
1370207659000;15.0;20.0
1370207660000;10.0;19.0
1370207661000;13.0;11.0
1370207662000;18.0;16.0
1370207663000;13.0;16.0
1370207664000;11.0;9.0
1370207665000;15.0;14.0
1370207666000;19.0;12.0
1370207667000;13.0;15.0
1370207668000;18.0;23.0
1370207669000;13.0;12.0
1370207670000;18.0;15.0
1370207671000;23.0;14.0
1370207672000;21.0;9.0
1370207673000;18.0;15.0
1370207674000;10.0;13.0
1370207675000;13.0;15.0
1370207676000;9.0;14.0
1370207677000;19.0;13.0
1370207678000;17.0;17.0
1370207679000;19.0;18.0
1370207680000;8.0;14.0
1370207681000;15.0;12.0
1370207682000;18.0;17.0
1370207683000;15.0;17.0
1370207684000;13.0;14.0
1370207685000;18.0;13.0
1370207686000;8.0;13.0
1370207687000;15.0;19.0
1370207688000;15.0;14.0
1370207689000;12.0;15.0
1370207690000;13.0;15.0
1370207691000;18.0;13.0
1370207692000;14.0;15.0
1370207693000;12.0;8.0
1370207694000;13.0;18.0
1370207695000;15.0;22.0
1370207696000;12.0;12.0
1370207697000;17.0;15.0
1370207698000;20.0;17.0
1370207699000;18.0;12.0
1370207700000;16.0;17.0
1370207701000;18.0;12.0
1370207702000;12.0;14.0
1370207703000;19.0;11.0
1370207704000;17.0;19.0
1370207705000;17.0;14.0
1370207706000;18.0;11.0
1370207707000;14.0;19.0
1370207708000;21.0;15.0
1370207709000;16.0;16.0
1370207710000;21.0;16.0
1370207711000;18.0;17.0
1370207712000;14.0;15.0
1370207713000;17.0;21.0
1370207714000;10.0;13.0
1370207715000;14.0;23.0
1370207716000;20.0;16.0
1370207717000;12.0;16.0
1370207718000;12.0;15.0
1370207719000;17.0;16.0
1370207720000;21.0;9.0
1370207721000;13.0;18.0
1370207722000;17.0;23.0
1370207723000;14.0;16.0
1370207724000;11.0;12.0
1370207725000;12.0;16.0
1370207726000;16.0;15.0
1370207727000;15.0;14.0
1370207728000;12.0;16.0
1370207729000;18.0;12.0
1370207730000;18.0;12.0
1370207731000;13.0;18.0
1370207732000;19.0;12.0
1370207733000;25.0;16.0
1370207734000;10.0;15.0
1370207735000;14.0;28.0
1370207736000;15.0;15.0
1370207737000;16.0;17.0
1370207738000;14.0;17.0
1370207739000;21.0;16.0
1370207740000;11.0;15.0
1370207741000;17.0;13.0
1370207742000;18.0;9.0
1370207743000;14.0;10.0
1370207744000;17.0;18.0
1370207745000;9.0;15.0
1370207746000;9.0;15.0
1370207747000;12.0;17.0
1370207748000;16.0;14.0
1370207749000;21.0;19.0
1370207750000;12.0;13.0
1370207751000;16.0;16.0
1370207752000;16.0;18.0
1370207753000;13.0;18.0
1370207754000;14.0;21.0
1370207755000;16.0;13.0
1370207756000;20.0;16.0
1370207757000;16.0;8.0
1370207758000;17.0;18.0
1370207759000;15.0;17.0
1370207760000;12.0;17.0
1370207761000;14.0;10.0
1370207762000;11.0;14.0
1370207763000;14.0;19.0
1370207764000;13.0;15.0
1370207765000;19.0;17.0
1370207766000;22.0;20.0
1370207767000;14.0;15.0
1370207768000;12.0;19.0
1370207769000;18.0;16.0
1370207770000;14.0;15.0
1370207771000;15.0;10.0
1370207772000;17.0;8.0
1370207773000;15.0;12.0
1370207774000;11.0;12.0
1370207775000;12.0;26.0
1370207776000;9.0;7.0
1370207777000;18.0;19.0
1370207778000;17.0;9.0
1370207779000;17.0;13.0
1370207780000;13.0;16.0
1370207781000;14.0;13.0
1370207782000;19.0;16.0
1370207783000;8.0;17.0
1370207784000;11.0;13.0
1370207785000;17.0;20.0
1370207786000;14.0;16.0
1370207787000;17.0;14.0
1370207788000;13.0;13.0
1370207789000;22.0;16.0
1370207790000;12.0;14.0
1370207791000;13.0;14.0
1370207792000;14.0;10.0
1370207793000;12.0;21.0
1370207794000;10.0;14.0
1370207795000;13.0;22.0
1370207796000;12.0;20.0
1370207797000;17.0;17.0
1370207798000;14.0;7.0
1370207799000;22.0;24.0
1370207800000;17.0;11.0
1370207801000;9.0;18.0
1370207802000;12.0;13.0
1370207803000;11.0;16.0
1370207804000;12.0;12.0
1370207805000;13.0;13.0
1370207806000;15.0;11.0
1370207807000;14.0;17.0
1370207808000;22.0;13.0
1370207809000;8.0;20.0
1370207810000;14.0;16.0
1370207811000;17.0;12.0
1370207812000;16.0;15.0
1370207813000;14.0;14.0
1370207814000;14.0;13.0
1370207815000;12.0;9.0
1370207816000;13.0;14.0
1370207817000;17.0;12.0
1370207818000;16.0;13.0
1370207819000;17.0;19.0
1370207820000;16.0;13.0
1370207821000;10.0;19.0
1370207822000;14.0;11.0
1370207823000;10.0;9.0
1370207824000;15.0;14.0
1370207825000;18.0;16.0
1370207826000;23.0;15.0
1370207827000;13.0;15.0
1370207828000;16.0;19.0
1370207829000;13.0;17.0
1370207830000;21.0;12.0
1370207831000;20.0;9.0
1370207832000;14.0;11.0
1370207833000;9.0;13.0
1370207834000;11.0;14.0
1370207835000;14.0;18.0
1370207836000;12.0;14.0
1370207837000;18.0;15.0
1370207838000;13.0;11.0
1370207839000;14.0;20.0
1370207840000;14.0;18.0
1370207841000;18.0;15.0
1370207842000;18.0;18.0
1370207843000;18.0;10.0
1370207844000;14.0;11.0
1370207845000;9.0;15.0
1370207846000;14.0;11.0
1370207847000;10.0;19.0
1370207848000;17.0;15.0
1370207849000;10.0;13.0
1370207850000;18.0;16.0
1370207851000;16.0;7.0
1370207852000;19.0;15.0
1370207853000;14.0;10.0
1370207854000;22.0;14.0
1370207855000;16.0;15.0
1370207856000;11.0;16.0
1370207857000;19.0;12.0
1370207858000;18.0;11.0
1370207859000;14.0;11.0
1370207860000;17.0;12.0
1370207861000;15.0;23.0
1370207862000;14.0;21.0
1370207863000;18.0;10.0
1370207864000;12.0;10.0
1370207865000;18.0;18.0
1370207866000;14.0;13.0
1370207867000;13.0;17.0
1370207868000;14.0;18.0
1370207869000;14.0;16.0
1370207870000;11.0;13.0
1370207871000;14.0;15.0
1370207872000;12.0;18.0
1370207873000;14.0;11.0
1370207874000;19.0;17.0
1370207875000;13.0;10.0
1370207876000;17.0;11.0
1370207877000;15.0;15.0
1370207878000;13.0;13.0
1370207879000;18.0;17.0
1370207880000;9.0;18.0
1370207881000;17.0;15.0
1370207882000;12.0;18.0
1370207883000;15.0;17.0
1370207884000;24.0;11.0
1370207885000;19.0;16.0
1370207886000;19.0;20.0
1370207887000;15.0;12.0
1370207888000;14.0;13.0
1370207889000;14.0;11.0
1370207890000;15.0;9.0
1370207891000;17.0;12.0
1370207892000;22.0;15.0
1370207893000;14.0;10.0
1370207894000;13.0;16.0
1370207895000;13.0;15.0
1370207896000;16.0;15.0
1370207897000;11.0;19.0
1370207898000;13.0;16.0
1370207899000;16.0;18.0
1370207900000;11.0;15.0
1370207901000;17.0;16.0
1370207902000;17.0;14.0
1370207903000;10.0;16.0
1370207904000;13.0;12.0
1370207905000;13.0;16.0
1370207906000;17.0;11.0
1370207907000;18.0;19.0
1370207908000;12.0;21.0
1370207909000;19.0;11.0
1370207910000;14.0;12.0
1370207911000;14.0;15.0
1370207912000;10.0;16.0
1370207913000;14.0;16.0
1370207914000;22.0;9.0
1370207915000;15.0;21.0
1370207916000;8.0;16.0
1370207917000;16.0;21.0
1370207918000;12.0;14.0
1370207919000;18.0;11.0
1370207920000;12.0;15.0
1370207921000;24.0;18.0
1370207922000;19.0;17.0
1370207923000;11.0;17.0
1370207924000;13.0;9.0
1370207925000;21.0;17.0
1370207926000;18.0;8.0
1370207927000;16.0;14.0
1370207928000;13.0;13.0
1370207929000;18.0;10.0
1370207930000;11.0;18.0
1370207931000;21.0;11.0
1370207932000;18.0;8.0
1370207933000;16.0;15.0
1370207934000;18.0;12.0
1370207935000;20.0;19.0
1370207936000;11.0;16.0
1370207937000;6.0;10.0
1370207938000;18.0;11.0
1370207939000;13.0;13.0
1370207940000;16.0;20.0
1370207941000;17.0;16.0
1370207942000;10.0;17.0
1370207943000;18.0;9.0
1370207944000;18.0;18.0
1370207945000;12.0;21.0
1370207946000;17.0;14.0
1370207947000;12.0;21.0
1370207948000;12.0;11.0
1370207949000;17.0;13.0
1370207950000;8.0;14.0
1370207951000;17.0;16.0
1370207952000;19.0;13.0
1370207953000;15.0;18.0
1370207954000;11.0;15.0
1370207955000;17.0;13.0
1370207956000;17.0;16.0
1370207957000;14.0;15.0
1370207958000;16.0;11.0
1370207959000;13.0;7.0
1370207960000;11.0;20.0
1370207961000;9.0;18.0
1370207962000;11.0;11.0
1370207963000;18.0;25.0
1370207964000;18.0;14.0
1370207965000;16.0;18.0
1370207966000;15.0;13.0
1370207967000;16.0;16.0
1370207968000;16.0;11.0
1370207969000;16.0;15.0
1370207970000;23.0;14.0
1370207971000;14.0;9.0
1370207972000;13.0;14.0
1370207973000;20.0;15.0
1370207974000;13.0;8.0
1370207975000;7.0;19.0
1370207976000;16.0;16.0
1370207977000;16.0;10.0
1370207978000;13.0;18.0
1370207979000;15.0;15.0
1370207980000;20.0;8.0
1370207981000;18.0;20.0
1370207982000;14.0;15.0
1370207983000;12.0;12.0
1370207984000;18.0;18.0
1370207985000;9.0;16.0
1370207986000;20.0;16.0
1370207987000;13.0;10.0
1370207988000;16.0;10.0
1370207989000;17.0;17.0
1370207990000;13.0;15.0
1370207991000;15.0;16.0
1370207992000;14.0;13.0
1370207993000;14.0;16.0
1370207994000;12.0;17.0
1370207995000;16.0;17.0
1370207996000;6.0;10.0
1370207997000;15.0;13.0
1370207998000;19.0;16.0
1370207999000;18.0;17.0
1370208000000;10.0;14.0
1370208001000;17.0;19.0
1370208002000;15.0;13.0
1370208003000;18.0;14.0
1370208004000;20.0;17.0
1370208005000;13.0;15.0
1370208006000;16.0;14.0
1370208007000;14.0;14.0
1370208008000;15.0;13.0
1370208009000;12.0;16.0
1370208010000;15.0;14.0
1370208011000;23.0;13.0
1370208012000;10.0;20.0
1370208013000;17.0;14.0
1370208014000;13.0;19.0
1370208015000;11.0;11.0
1370208016000;14.0;14.0
1370208017000;17.0;11.0
1370208018000;16.0;16.0
1370208019000;14.0;13.0
1370208020000;15.0;11.0
1370208021000;12.0;16.0
1370208022000;16.0;15.0
1370208023000;13.0;23.0
1370208024000;17.0;15.0
1370208025000;11.0;13.0
1370208026000;22.0;14.0
1370208027000;12.0;18.0
1370208028000;13.0;17.0
1370208029000;12.0;13.0
1370208030000;15.0;16.0
1370208031000;12.0;13.0
1370208032000;21.0;15.0
1370208033000;13.0;13.0
1370208034000;18.0;18.0
1370208035000;17.0;12.0
1370208036000;10.0;17.0
1370208037000;11.0;22.0
1370208038000;11.0;12.0
1370208039000;18.0;14.0
1370208040000;11.0;13.0
1370208041000;13.0;10.0
1370208042000;14.0;19.0
1370208043000;12.0;5.0
1370208044000;14.0;11.0
1370208045000;12.0;22.0
1370208046000;10.0;15.0
1370208047000;15.0;14.0
1370208048000;15.0;13.0
1370208049000;20.0;16.0
1370208050000;17.0;14.0
1370208051000;11.0;14.0
1370208052000;18.0;15.0
1370208053000;18.0;9.0
1370208054000;16.0;17.0
1370208055000;18.0;13.0
1370208056000;19.0;13.0
1370208057000;13.0;18.0
1370208058000;14.0;17.0
1370208059000;12.0;13.0
1370208060000;16.0;18.0
1370208061000;11.0;22.0
1370208062000;18.0;17.0
1370208063000;15.0;17.0
1370208064000;15.0;13.0
1370208065000;19.0;20.0
1370208066000;14.0;15.0
1370208067000;17.0;18.0
1370208068000;17.0;21.0
1370208069000;12.0;11.0
1370208070000;11.0;17.0
1370208071000;16.0;20.0
1370208072000;18.0;16.0
1370208073000;14.0;16.0
1370208074000;12.0;16.0
1370208075000;9.0;15.0
1370208076000;18.0;21.0
1370208077000;13.0;12.0
1370208078000;11.0;21.0
1370208079000;14.0;16.0
1370208080000;19.0;15.0
1370208081000;21.0;8.0
1370208082000;15.0;17.0
1370208083000;8.0;9.0
1370208084000;18.0;12.0
1370208085000;12.0;18.0
1370208086000;20.0;11.0
1370208087000;21.0;17.0
1370208088000;15.0;17.0
1370208089000;16.0;12.0
1370208090000;16.0;15.0
1370208091000;19.0;14.0
1370208092000;11.0;15.0
1370208093000;21.0;11.0
1370208094000;12.0;17.0
1370208095000;15.0;17.0
1370208096000;20.0;13.0
1370208097000;10.0;15.0
1370208098000;16.0;16.0
1370208099000;14.0;12.0
1370208100000;16.0;8.0
1370208101000;11.0;13.0
1370208102000;15.0;9.0
1370208103000;8.0;22.0
1370208104000;15.0;11.0
1370208105000;21.0;21.0
1370208106000;12.0;11.0
1370208107000;14.0;15.0
1370208108000;19.0;9.0
1370208109000;18.0;19.0
1370208110000;11.0;16.0
1370208111000;9.0;15.0
1370208112000;12.0;9.0
1370208113000;11.0;12.0
1370208114000;13.0;13.0
1370208115000;14.0;13.0
1370208116000;23.0;8.0
1370208117000;17.0;15.0
1370208118000;16.0;10.0
1370208119000;15.0;16.0
1370208120000;15.0;19.0
1370208121000;14.0;17.0
1370208122000;15.0;11.0
1370208123000;19.0;14.0
1370208124000;11.0;16.0
1370208125000;20.0;19.0
1370208126000;15.0;10.0
1370208127000;12.0;21.0
1370208128000;19.0;8.0
1370208129000;14.0;12.0
1370208130000;16.0;15.0
1370208131000;9.0;20.0
1370208132000;18.0;14.0
1370208133000;15.0;17.0
1370208134000;21.0;16.0
1370208135000;16.0;18.0
1370208136000;18.0;9.0
1370208137000;17.0;10.0
1370208138000;14.0;13.0
1370208139000;19.0;19.0
1370208140000;12.0;13.0
1370208141000;21.0;15.0
1370208142000;15.0;17.0
1370208143000;13.0;12.0
1370208144000;15.0;20.0
1370208145000;13.0;10.0
1370208146000;13.0;14.0
1370208147000;11.0;16.0
1370208148000;23.0;20.0
1370208149000;16.0;14.0
1370208150000;19.0;13.0
1370208151000;16.0;14.0
1370208152000;11.0;17.0
1370208153000;9.0;18.0
1370208154000;8.0;15.0
1370208155000;13.0;13.0
1370208156000;16.0;16.0
1370208157000;11.0;18.0
1370208158000;18.0;18.0
1370208159000;16.0;16.0
1370208160000;17.0;14.0
1370208161000;17.0;11.0
1370208162000;8.0;23.0
1370208163000;14.0;11.0
1370208164000;12.0;18.0
1370208165000;15.0;18.0
1370208166000;15.0;22.0
1370208167000;11.0;19.0
1370208168000;11.0;17.0
1370208169000;10.0;14.0
1370208170000;13.0;12.0
1370208171000;16.0;18.0
1370208172000;19.0;13.0
1370208173000;11.0;13.0
1370208174000;15.0;15.0
1370208175000;19.0;16.0
1370208176000;15.0;15.0
1370208177000;15.0;20.0
1370208178000;12.0;20.0
1370208179000;18.0;14.0
1370208180000;19.0;12.0
1370208181000;14.0;11.0
1370208182000;19.0;13.0
1370208183000;18.0;13.0
1370208184000;14.0;14.0
1370208185000;12.0;20.0
1370208186000;17.0;18.0
1370208187000;13.0;18.0
1370208188000;12.0;15.0
1370208189000;19.0;16.0
1370208190000;7.0;21.0
1370208191000;17.0;12.0
1370208192000;17.0;20.0
1370208193000;18.0;14.0
1370208194000;10.0;15.0
1370208195000;17.0;12.0
1370208196000;18.0;18.0
1370208197000;19.0;17.0
1370208198000;19.0;9.0
1370208199000;16.0;16.0
1370208200000;14.0;16.0
1370208201000;14.0;13.0
1370208202000;17.0;10.0
1370208203000;17.0;15.0
1370208204000;19.0;17.0
1370208205000;10.0;15.0
1370208206000;8.0;23.0
1370208207000;13.0;12.0
1370208208000;18.0;14.0
1370208209000;11.0;13.0
1370208210000;15.0;14.0
1370208211000;12.0;18.0
1370208212000;18.0;12.0
1370208213000;17.0;17.0
1370208214000;12.0;10.0
1370208215000;12.0;12.0
1370208216000;17.0;10.0
1370208217000;20.0;15.0
1370208218000;18.0;14.0
1370208219000;17.0;11.0
1370208220000;16.0;12.0
1370208221000;16.0;10.0
1370208222000;11.0;15.0
1370208223000;17.0;8.0
1370208224000;10.0;15.0
1370208225000;16.0;15.0
1370208226000;18.0;17.0
1370208227000;10.0;16.0
1370208228000;16.0;16.0
1370208229000;18.0;17.0
1370208230000;20.0;21.0
1370208231000;15.0;13.0
1370208232000;18.0;18.0
1370208233000;12.0;12.0
1370208234000;18.0;12.0
1370208235000;16.0;10.0
1370208236000;20.0;15.0
1370208237000;19.0;17.0
1370208238000;16.0;12.0
1370208239000;12.0;10.0
1370208240000;16.0;13.0
1370208241000;15.0;20.0
1370208242000;14.0;10.0
1370208243000;17.0;16.0
1370208244000;16.0;19.0
1370208245000;11.0;11.0
1370208246000;12.0;13.0
1370208247000;20.0;15.0
1370208248000;20.0;16.0
1370208249000;16.0;8.0
1370208250000;11.0;13.0
1370208251000;17.0;11.0
1370208252000;15.0;13.0
1370208253000;11.0;16.0
1370208254000;13.0;14.0
1370208255000;14.0;19.0
1370208256000;13.0;16.0
1370208257000;8.0;14.0
1370208258000;16.0;13.0
1370208259000;19.0;7.0
1370208260000;16.0;23.0
1370208261000;15.0;14.0
1370208262000;18.0;15.0
1370208263000;11.0;20.0
1370208264000;14.0;5.0
1370208265000;15.0;13.0
1370208266000;13.0;10.0
1370208267000;15.0;15.0
1370208268000;14.0;13.0
1370208269000;16.0;15.0
1370208270000;20.0;16.0
1370208271000;18.0;11.0
1370208272000;16.0;16.0
1370208273000;13.0;18.0
1370208274000;10.0;11.0
1370208275000;13.0;13.0
1370208276000;16.0;17.0
1370208277000;15.0;13.0
1370208278000;18.0;15.0
1370208279000;18.0;12.0
1370208280000;12.0;10.0
1370208281000;17.0;12.0
1370208282000;10.0;13.0
1370208283000;18.0;15.0
1370208284000;19.0;9.0
1370208285000;12.0;15.0
1370208286000;10.0;16.0
1370208287000;13.0;12.0
1370208288000;17.0;20.0
1370208289000;20.0;15.0
1370208290000;14.0;8.0
1370208291000;19.0;14.0
1370208292000;18.0;15.0
1370208293000;15.0;17.0
1370208294000;15.0;10.0
1370208295000;13.0;16.0
1370208296000;12.0;11.0
1370208297000;18.0;19.0
1370208298000;12.0;15.0
1370208299000;17.0;8.0
1370208300000;15.0;17.0
1370208301000;14.0;21.0
1370208302000;10.0;18.0
1370208303000;15.0;13.0
1370208304000;14.0;15.0
1370208305000;14.0;11.0
1370208306000;19.0;13.0
1370208307000;17.0;15.0
1370208308000;12.0;11.0
1370208309000;21.0;14.0
1370208310000;16.0;16.0
1370208311000;10.0;13.0
1370208312000;12.0;13.0
1370208313000;14.0;20.0
1370208314000;17.0;15.0
1370208315000;17.0;17.0
1370208316000;12.0;13.0
1370208317000;14.0;16.0
1370208318000;18.0;18.0
1370208319000;15.0;16.0
1370208320000;14.0;20.0
1370208321000;17.0;12.0
1370208322000;15.0;15.0
1370208323000;16.0;14.0
1370208324000;12.0;14.0
1370208325000;15.0;13.0
1370208326000;18.0;14.0
1370208327000;13.0;14.0
1370208328000;12.0;15.0
1370208329000;18.0;22.0
1370208330000;14.0;10.0
1370208331000;18.0;17.0
1370208332000;16.0;9.0
1370208333000;12.0;16.0
1370208334000;18.0;19.0
1370208335000;14.0;21.0
1370208336000;16.0;20.0
1370208337000;17.0;16.0
1370208338000;13.0;13.0
1370208339000;13.0;13.0
1370208340000;19.0;13.0
1370208341000;15.0;14.0
1370208342000;15.0;14.0
1370208343000;12.0;19.0
1370208344000;7.0;15.0
1370208345000;15.0;22.0
1370208346000;16.0;13.0
1370208347000;14.0;15.0
1370208348000;18.0;17.0
1370208349000;14.0;8.0
1370208350000;16.0;15.0
1370208351000;15.0;13.0
1370208352000;12.0;17.0
1370208353000;15.0;17.0
1370208354000;15.0;10.0
1370208355000;19.0;14.0
1370208356000;13.0;18.0
1370208357000;11.0;11.0
1370208358000;19.0;18.0
1370208359000;16.0;12.0
1370208360000;14.0;14.0
1370208361000;18.0;13.0
1370208362000;7.0;10.0
1370208363000;15.0;7.0
1370208364000;16.0;11.0
1370208365000;16.0;14.0
1370208366000;14.0;11.0
1370208367000;10.0;17.0
1370208368000;16.0;14.0
1370208369000;10.0;17.0
1370208370000;14.0;20.0
1370208371000;11.0;16.0
1370208372000;19.0;11.0
1370208373000;13.0;15.0
1370208374000;15.0;13.0
1370208375000;9.0;10.0
1370208376000;20.0;14.0
1370208377000;18.0;14.0
1370208378000;11.0;11.0
1370208379000;20.0;16.0
1370208380000;13.0;17.0
1370208381000;18.0;12.0
1370208382000;14.0;13.0
1370208383000;12.0;9.0
1370208384000;16.0;15.0
1370208385000;11.0;16.0
1370208386000;14.0;7.0
1370208387000;12.0;16.0
1370208388000;16.0;9.0
1370208389000;13.0;18.0
1370208390000;17.0;18.0
1370208391000;15.0;17.0
1370208392000;13.0;13.0
1370208393000;14.0;20.0
1370208394000;15.0;12.0
1370208395000;15.0;25.0
1370208396000;9.0;17.0
1370208397000;16.0;12.0
1370208398000;9.0;12.0
1370208399000;14.0;10.0
1370208400000;16.0;14.0
1370208401000;12.0;14.0
1370208402000;15.0;14.0
1370208403000;18.0;17.0
1370208404000;18.0;14.0
1370208405000;13.0;21.0
1370208406000;17.0;11.0
1370208407000;19.0;13.0
1370208408000;14.0;11.0
1370208409000;15.0;14.0
1370208410000;14.0;9.0
1370208411000;17.0;17.0
1370208412000;13.0;15.0
1370208413000;12.0;13.0
1370208414000;19.0;8.0
1370208415000;16.0;15.0
1370208416000;23.0;15.0
1370208417000;20.0;19.0
1370208418000;12.0;12.0
1370208419000;11.0;18.0
1370208420000;16.0;8.0
1370208421000;15.0;17.0
1370208422000;15.0;9.0
1370208423000;19.0;17.0
1370208424000;15.0;14.0
1370208425000;20.0;13.0
1370208426000;11.0;14.0
1370208427000;15.0;14.0
1370208428000;11.0;17.0
1370208429000;13.0;17.0
1370208430000;22.0;19.0
1370208431000;16.0;19.0
1370208432000;16.0;14.0
1370208433000;17.0;15.0
1370208434000;14.0;16.0
1370208435000;21.0;12.0
1370208436000;17.0;18.0
1370208437000;12.0;15.0
1370208438000;19.0;17.0
1370208439000;12.0;13.0
1370208440000;12.0;26.0
1370208441000;11.0;19.0
1370208442000;19.0;15.0
1370208443000;18.0;18.0
1370208444000;14.0;16.0
1370208445000;16.0;17.0
1370208446000;13.0;13.0
1370208447000;18.0;17.0
1370208448000;14.0;11.0
1370208449000;19.0;17.0
1370208450000;17.0;20.0
1370208451000;16.0;16.0
1370208452000;16.0;17.0
1370208453000;16.0;17.0
1370208454000;8.0;16.0
1370208455000;16.0;17.0
1370208456000;14.0;11.0
1370208457000;22.0;12.0
1370208458000;16.0;14.0
1370208459000;16.0;16.0
1370208460000;11.0;13.0
1370208461000;18.0;10.0
1370208462000;14.0;8.0
1370208463000;15.0;19.0
1370208464000;22.0;14.0
1370208465000;14.0;10.0
1370208466000;20.0;17.0
1370208467000;20.0;15.0
1370208468000;19.0;12.0
1370208469000;16.0;20.0
1370208470000;9.0;18.0
1370208471000;14.0;20.0
1370208472000;18.0;12.0
1370208473000;27.0;9.0
1370208474000;14.0;14.0
1370208475000;16.0;19.0
1370208476000;14.0;17.0
1370208477000;14.0;14.0
1370208478000;15.0;11.0
1370208479000;19.0;11.0
1370208480000;12.0;16.0
1370208481000;14.0;18.0
1370208482000;13.0;15.0
1370208483000;12.0;18.0
1370208484000;14.0;13.0
1370208485000;16.0;19.0
1370208486000;13.0;18.0
1370208487000;17.0;17.0
1370208488000;15.0;16.0
1370208489000;15.0;13.0
1370208490000;18.0;19.0
1370208491000;21.0;17.0
1370208492000;15.0;12.0
1370208493000;20.0;16.0
1370208494000;11.0;14.0
1370208495000;17.0;16.0
1370208496000;18.0;20.0
1370208497000;17.0;14.0
1370208498000;12.0;19.0
1370208499000;6.0;21.0
1370208500000;14.0;20.0
1370208501000;13.0;16.0
1370208502000;23.0;21.0
1370208503000;12.0;15.0
1370208504000;12.0;19.0
1370208505000;11.0;14.0
1370208506000;13.0;16.0
1370208507000;18.0;17.0
1370208508000;16.0;12.0
1370208509000;6.0;16.0
1370208510000;17.0;16.0
1370208511000;25.0;13.0
1370208512000;9.0;13.0
1370208513000;15.0;16.0
1370208514000;8.0;19.0
1370208515000;18.0;15.0
1370208516000;13.0;12.0
1370208517000;17.0;16.0
1370208518000;12.0;18.0
1370208519000;14.0;11.0
1370208520000;11.0;19.0
1370208521000;11.0;17.0
1370208522000;19.0;16.0
1370208523000;13.0;10.0
1370208524000;14.0;14.0
1370208525000;11.0;15.0
1370208526000;11.0;16.0
1370208527000;9.0;15.0
1370208528000;15.0;14.0
1370208529000;18.0;20.0
1370208530000;19.0;20.0
1370208531000;17.0;14.0
1370208532000;11.0;16.0
1370208533000;16.0;18.0
1370208534000;17.0;8.0
1370208535000;14.0;16.0
1370208536000;11.0;8.0
1370208537000;20.0;18.0
1370208538000;17.0;12.0
1370208539000;14.0;17.0
1370208540000;15.0;17.0
1370208541000;16.0;15.0
1370208542000;16.0;16.0
1370208543000;11.0;14.0
1370208544000;18.0;19.0
1370208545000;6.0;13.0
1370208546000;11.0;12.0
1370208547000;13.0;16.0
1370208548000;15.0;19.0
1370208549000;17.0;14.0
1370208550000;15.0;11.0
1370208551000;11.0;18.0
1370208552000;14.0;10.0
1370208553000;12.0;16.0
1370208554000;15.0;19.0
1370208555000;18.0;17.0
1370208556000;23.0;5.0
1370208557000;16.0;16.0
1370208558000;14.0;15.0
1370208559000;17.0;12.0
1370208560000;15.0;17.0
1370208561000;10.0;13.0
1370208562000;22.0;15.0
1370208563000;11.0;15.0
1370208564000;17.0;24.0
1370208565000;14.0;9.0
1370208566000;14.0;18.0
1370208567000;25.0;14.0
1370208568000;21.0;11.0
1370208569000;16.0;16.0
1370208570000;13.0;13.0
1370208571000;21.0;12.0
1370208572000;17.0;12.0
1370208573000;8.0;17.0
1370208574000;15.0;11.0
1370208575000;14.0;14.0
1370208576000;14.0;19.0
1370208577000;16.0;14.0
1370208578000;15.0;16.0
1370208579000;18.0;15.0
1370208580000;17.0;18.0
1370208581000;17.0;16.0
1370208582000;9.0;16.0
1370208583000;17.0;14.0
1370208584000;10.0;11.0
1370208585000;15.0;13.0
1370208586000;14.0;15.0
1370208587000;15.0;8.0
1370208588000;13.0;10.0
1370208589000;17.0;11.0
1370208590000;13.0;15.0
1370208591000;21.0;17.0
1370208592000;16.0;23.0
1370208593000;10.0;14.0
1370208594000;11.0;11.0
1370208595000;14.0;25.0
1370208596000;9.0;12.0
1370208597000;13.0;19.0
1370208598000;22.0;16.0
1370208599000;24.0;18.0
1370208600000;14.0;15.0
1370208601000;16.0;20.0
1370208602000;12.0;17.0
1370208603000;12.0;9.0
1370208604000;17.0;15.0
1370208605000;22.0;16.0
1370208606000;15.0;9.0
1370208607000;18.0;15.0
1370208608000;18.0;18.0
1370208609000;15.0;9.0
1370208610000;14.0;15.0
1370208611000;13.0;19.0
1370208612000;17.0;15.0
1370208613000;15.0;10.0
1370208614000;13.0;22.0
1370208615000;18.0;14.0
1370208616000;14.0;16.0
1370208617000;15.0;14.0
1370208618000;15.0;17.0
1370208619000;14.0;16.0
1370208620000;14.0;17.0
1370208621000;15.0;12.0
1370208622000;10.0;16.0
1370208623000;16.0;10.0
1370208624000;12.0;13.0
1370208625000;11.0;14.0
1370208626000;14.0;10.0
1370208627000;13.0;7.0
1370208628000;16.0;19.0
1370208629000;11.0;13.0
1370208630000;17.0;15.0
1370208631000;15.0;14.0
1370208632000;15.0;15.0
1370208633000;16.0;14.0
1370208634000;16.0;14.0
1370208635000;13.0;16.0
1370208636000;17.0;16.0
1370208637000;16.0;10.0
1370208638000;24.0;17.0
1370208639000;13.0;11.0
1370208640000;13.0;11.0
1370208641000;16.0;10.0
1370208642000;19.0;10.0
1370208643000;15.0;14.0
1370208644000;15.0;12.0
1370208645000;13.0;12.0
1370208646000;16.0;12.0
1370208647000;17.0;12.0
1370208648000;18.0;17.0
1370208649000;7.0;20.0
1370208650000;21.0;14.0
1370208651000;14.0;17.0
1370208652000;19.0;13.0
1370208653000;17.0;13.0
1370208654000;17.0;11.0
1370208655000;18.0;14.0
1370208656000;20.0;16.0
1370208657000;14.0;13.0
1370208658000;18.0;14.0
1370208659000;13.0;16.0
1370208660000;13.0;21.0
1370208661000;27.0;15.0
1370208662000;8.0;15.0
1370208663000;20.0;14.0
1370208664000;16.0;15.0
1370208665000;15.0;10.0
1370208666000;24.0;11.0
1370208667000;11.0;9.0
1370208668000;17.0;8.0
1370208669000;14.0;15.0
1370208670000;16.0;16.0
1370208671000;16.0;14.0
1370208672000;17.0;8.0
1370208673000;10.0;14.0
1370208674000;15.0;16.0
1370208675000;13.0;18.0
1370208676000;20.0;16.0
1370208677000;17.0;15.0
1370208678000;14.0;14.0
1370208679000;19.0;16.0
1370208680000;16.0;12.0
1370208681000;16.0;21.0
1370208682000;12.0;13.0
1370208683000;12.0;13.0
1370208684000;14.0;14.0
1370208685000;19.0;18.0
1370208686000;11.0;12.0
1370208687000;17.0;14.0
1370208688000;15.0;22.0
1370208689000;15.0;9.0
1370208690000;19.0;12.0
1370208691000;17.0;14.0
1370208692000;15.0;10.0
1370208693000;10.0;17.0
1370208694000;16.0;22.0
1370208695000;8.0;22.0
1370208696000;11.0;16.0
1370208697000;13.0;16.0
1370208698000;12.0;13.0
1370208699000;13.0;19.0
1370208700000;11.0;16.0
1370208701000;11.0;23.0
1370208702000;19.0;14.0
1370208703000;14.0;12.0
1370208704000;16.0;14.0
1370208705000;8.0;18.0
1370208706000;13.0;14.0
1370208707000;14.0;21.0
1370208708000;14.0;10.0
1370208709000;21.0;15.0
1370208710000;11.0;10.0
1370208711000;14.0;9.0
1370208712000;19.0;17.0
1370208713000;12.0;19.0
1370208714000;20.0;15.0
1370208715000;22.0;12.0
1370208716000;14.0;18.0
1370208717000;12.0;14.0
1370208718000;24.0;12.0
1370208719000;17.0;16.0
1370208720000;11.0;18.0
1370208721000;19.0;10.0
1370208722000;17.0;14.0
1370208723000;12.0;10.0
1370208724000;16.0;12.0
1370208725000;14.0;12.0
1370208726000;18.0;12.0
1370208727000;14.0;12.0
1370208728000;19.0;14.0
1370208729000;17.0;11.0
1370208730000;17.0;13.0
1370208731000;13.0;11.0
1370208732000;10.0;12.0
1370208733000;17.0;12.0
1370208734000;16.0;14.0
1370208735000;17.0;21.0
1370208736000;17.0;15.0
1370208737000;18.0;15.0
1370208738000;14.0;10.0
1370208739000;11.0;15.0
1370208740000;9.0;17.0
1370208741000;12.0;14.0
1370208742000;10.0;21.0
1370208743000;14.0;16.0
1370208744000;16.0;13.0
1370208745000;17.0;16.0
1370208746000;12.0;12.0
1370208747000;15.0;17.0
1370208748000;15.0;21.0
1370208749000;19.0;9.0
1370208750000;13.0;11.0
1370208751000;14.0;14.0
1370208752000;13.0;22.0
1370208753000;10.0;15.0
1370208754000;15.0;14.0
1370208755000;17.0;21.0
1370208756000;13.0;13.0
1370208757000;16.0;16.0
1370208758000;15.0;10.0
1370208759000;13.0;19.0
1370208760000;16.0;16.0
1370208761000;16.0;14.0
1370208762000;15.0;20.0
1370208763000;10.0;10.0
1370208764000;19.0;15.0
1370208765000;13.0;9.0
1370208766000;16.0;15.0
1370208767000;12.0;14.0
1370208768000;18.0;14.0
1370208769000;11.0;14.0
1370208770000;13.0;21.0
1370208771000;22.0;12.0
1370208772000;17.0;13.0
1370208773000;14.0;14.0
1370208774000;19.0;18.0
1370208775000;14.0;13.0
1370208776000;11.0;15.0
1370208777000;16.0;16.0
1370208778000;19.0;17.0
1370208779000;12.0;15.0
1370208780000;11.0;16.0
1370208781000;13.0;12.0
1370208782000;21.0;20.0
1370208783000;14.0;11.0
1370208784000;10.0;17.0
1370208785000;22.0;13.0
1370208786000;12.0;18.0
1370208787000;10.0;19.0
1370208788000;16.0;14.0
1370208789000;10.0;12.0
1370208790000;10.0;16.0
1370208791000;16.0;14.0
1370208792000;17.0;11.0
1370208793000;20.0;14.0
1370208794000;15.0;7.0
1370208795000;24.0;13.0
1370208796000;12.0;11.0
1370208797000;13.0;18.0
1370208798000;16.0;14.0
1370208799000;13.0;14.0
1370208800000;16.0;13.0
1370208801000;12.0;12.0
1370208802000;18.0;14.0
1370208803000;15.0;18.0
1370208804000;15.0;19.0
1370208805000;14.0;13.0
1370208806000;16.0;17.0
1370208807000;20.0;18.0
1370208808000;14.0;12.0
1370208809000;15.0;15.0
1370208810000;12.0;12.0
1370208811000;19.0;11.0
1370208812000;16.0;15.0
1370208813000;9.0;17.0
1370208814000;12.0;16.0
1370208815000;14.0;9.0
1370208816000;15.0;16.0
1370208817000;17.0;10.0
1370208818000;13.0;13.0
1370208819000;8.0;13.0
1370208820000;18.0;20.0
1370208821000;18.0;15.0
1370208822000;17.0;12.0
1370208823000;18.0;12.0
1370208824000;19.0;11.0
1370208825000;20.0;9.0
1370208826000;20.0;16.0
1370208827000;12.0;13.0
1370208828000;14.0;18.0
1370208829000;15.0;19.0
1370208830000;14.0;12.0
1370208831000;11.0;18.0
1370208832000;20.0;13.0
1370208833000;21.0;15.0
1370208834000;17.0;12.0
1370208835000;22.0;17.0
1370208836000;17.0;19.0
1370208837000;16.0;11.0
1370208838000;16.0;13.0
1370208839000;14.0;21.0
1370208840000;9.0;12.0
1370208841000;14.0;12.0
1370208842000;17.0;16.0
1370208843000;16.0;11.0
1370208844000;13.0;21.0
1370208845000;19.0;21.0
1370208846000;9.0;19.0
1370208847000;7.0;13.0
1370208848000;7.0;13.0
1370208849000;19.0;13.0
1370208850000;18.0;13.0
1370208851000;11.0;15.0
1370208852000;22.0;18.0
1370208853000;18.0;11.0
1370208854000;11.0;16.0
1370208855000;15.0;14.0
1370208856000;14.0;12.0
1370208857000;19.0;11.0
1370208858000;19.0;15.0
1370208859000;18.0;9.0
1370208860000;17.0;21.0
1370208861000;13.0;13.0
1370208862000;9.0;12.0
1370208863000;14.0;21.0
1370208864000;18.0;14.0
1370208865000;14.0;15.0
1370208866000;16.0;14.0
1370208867000;12.0;11.0
1370208868000;14.0;15.0
1370208869000;18.0;13.0
1370208870000;15.0;13.0
1370208871000;17.0;18.0
1370208872000;21.0;16.0
1370208873000;14.0;15.0
1370208874000;13.0;14.0
1370208875000;12.0;22.0
1370208876000;16.0;11.0
1370208877000;14.0;18.0
1370208878000;17.0;8.0
1370208879000;19.0;19.0
1370208880000;11.0;7.0
1370208881000;14.0;14.0
1370208882000;24.0;16.0
1370208883000;11.0;13.0
1370208884000;11.0;18.0
1370208885000;9.0;13.0
1370208886000;16.0;23.0
1370208887000;21.0;16.0
1370208888000;11.0;15.0
1370208889000;9.0;18.0
1370208890000;19.0;10.0
1370208891000;14.0;17.0
1370208892000;18.0;13.0
1370208893000;14.0;11.0
1370208894000;14.0;13.0
1370208895000;17.0;10.0
1370208896000;14.0;12.0
1370208897000;21.0;11.0
1370208898000;14.0;17.0
1370208899000;13.0;11.0
1370208900000;13.0;19.0
1370208901000;8.0;14.0
1370208902000;16.0;11.0
1370208903000;15.0;11.0
1370208904000;13.0;27.0
1370208905000;15.0;15.0
1370208906000;17.0;16.0
1370208907000;19.0;15.0
1370208908000;16.0;15.0
1370208909000;10.0;21.0
1370208910000;16.0;23.0
1370208911000;12.0;13.0
1370208912000;19.0;18.0
1370208913000;17.0;10.0
1370208914000;18.0;12.0
1370208915000;14.0;16.0
1370208916000;19.0;26.0
1370208917000;9.0;14.0
1370208918000;19.0;12.0
1370208919000;16.0;21.0
1370208920000;16.0;18.0
1370208921000;17.0;14.0
1370208922000;12.0;15.0
1370208923000;18.0;13.0
1370208924000;12.0;15.0
1370208925000;20.0;18.0
1370208926000;17.0;16.0
1370208927000;16.0;12.0
1370208928000;13.0;13.0
1370208929000;12.0;10.0
1370208930000;12.0;12.0
1370208931000;12.0;19.0
1370208932000;13.0;16.0
1370208933000;16.0;16.0
1370208934000;15.0;14.0
1370208935000;15.0;13.0
1370208936000;18.0;14.0
1370208937000;18.0;20.0
1370208938000;15.0;11.0
1370208939000;14.0;13.0
1370208940000;14.0;22.0
1370208941000;18.0;17.0
1370208942000;18.0;14.0
1370208943000;14.0;10.0
1370208944000;17.0;16.0
1370208945000;15.0;19.0
1370208946000;13.0;16.0
1370208947000;13.0;16.0
1370208948000;14.0;11.0
1370208949000;20.0;15.0
1370208950000;12.0;20.0
1370208951000;13.0;15.0
1370208952000;21.0;10.0
1370208953000;13.0;14.0
1370208954000;13.0;17.0
1370208955000;13.0;12.0
1370208956000;23.0;17.0
1370208957000;22.0;18.0
1370208958000;15.0;14.0
1370208959000;10.0;13.0
1370208960000;30.0;11.0
1370208961000;12.0;20.0
1370208962000;13.0;15.0
1370208963000;18.0;15.0
1370208964000;13.0;16.0
1370208965000;19.0;13.0
1370208966000;12.0;12.0
1370208967000;13.0;22.0
1370208968000;17.0;11.0
1370208969000;14.0;16.0
1370208970000;12.0;7.0
1370208971000;19.0;21.0
1370208972000;21.0;18.0
1370208973000;13.0;16.0
1370208974000;16.0;13.0
1370208975000;21.0;13.0
1370208976000;19.0;14.0
1370208977000;21.0;13.0
1370208978000;13.0;13.0
1370208979000;19.0;17.0
1370208980000;16.0;10.0
1370208981000;19.0;21.0
1370208982000;16.0;21.0
1370208983000;11.0;8.0
1370208984000;14.0;19.0
1370208985000;18.0;16.0
1370208986000;17.0;8.0
1370208987000;11.0;18.0
1370208988000;18.0;17.0
1370208989000;16.0;10.0
1370208990000;12.0;9.0
1370208991000;17.0;12.0
1370208992000;17.0;20.0
1370208993000;16.0;15.0
1370208994000;10.0;24.0
1370208995000;22.0;12.0
1370208996000;16.0;18.0
1370208997000;14.0;20.0
1370208998000;20.0;18.0
1370208999000;14.0;14.0
1370209000000;11.0;14.0
1370209001000;10.0;15.0
1370209002000;19.0;16.0
1370209003000;14.0;17.0
1370209004000;19.0;8.0
1370209005000;17.0;12.0
1370209006000;14.0;10.0
1370209007000;8.0;19.0
1370209008000;17.0;13.0
1370209009000;17.0;9.0
1370209010000;18.0;18.0
1370209011000;16.0;18.0
1370209012000;13.0;13.0
1370209013000;15.0;9.0
1370209014000;17.0;19.0
1370209015000;12.0;15.0
1370209016000;17.0;15.0
1370209017000;14.0;17.0
1370209018000;14.0;11.0
1370209019000;13.0;14.0
1370209020000;15.0;8.0
1370209021000;10.0;11.0
1370209022000;11.0;10.0
1370209023000;12.0;20.0
1370209024000;23.0;12.0
1370209025000;15.0;13.0
1370209026000;13.0;12.0
1370209027000;14.0;15.0
1370209028000;17.0;20.0
1370209029000;17.0;14.0
1370209030000;12.0;18.0
1370209031000;9.0;17.0
1370209032000;16.0;11.0
1370209033000;18.0;14.0
1370209034000;12.0;16.0
1370209035000;14.0;20.0
1370209036000;16.0;14.0
1370209037000;14.0;14.0
1370209038000;19.0;15.0
1370209039000;10.0;20.0
1370209040000;13.0;12.0
1370209041000;10.0;11.0
1370209042000;19.0;18.0
1370209043000;15.0;10.0
1370209044000;13.0;13.0
1370209045000;20.0;15.0
1370209046000;18.0;13.0
1370209047000;17.0;14.0
1370209048000;20.0;15.0
1370209049000;19.0;17.0
1370209050000;14.0;13.0
1370209051000;14.0;15.0
1370209052000;19.0;17.0
1370209053000;15.0;22.0
1370209054000;18.0;13.0
1370209055000;16.0;16.0
1370209056000;13.0;17.0
1370209057000;13.0;14.0
1370209058000;11.0;11.0
1370209059000;14.0;17.0
1370209060000;14.0;16.0
1370209061000;13.0;20.0
1370209062000;13.0;9.0
1370209063000;11.0;13.0
1370209064000;13.0;20.0
1370209065000;19.0;16.0
1370209066000;13.0;16.0
1370209067000;14.0;17.0
1370209068000;12.0;17.0
1370209069000;12.0;23.0
1370209070000;15.0;12.0
1370209071000;13.0;15.0
1370209072000;14.0;14.0
1370209073000;13.0;12.0
1370209074000;19.0;12.0
1370209075000;16.0;12.0
1370209076000;11.0;25.0
1370209077000;14.0;12.0
1370209078000;12.0;16.0
1370209079000;14.0;13.0
1370209080000;14.0;13.0
1370209081000;18.0;14.0
1370209082000;19.0;10.0
1370209083000;16.0;19.0
1370209084000;10.0;17.0
1370209085000;18.0;17.0
1370209086000;15.0;17.0
1370209087000;15.0;12.0
1370209088000;14.0;6.0
1370209089000;12.0;15.0
1370209090000;16.0;15.0
1370209091000;13.0;16.0
1370209092000;12.0;10.0
1370209093000;20.0;21.0
1370209094000;12.0;10.0
1370209095000;17.0;13.0
1370209096000;12.0;18.0
1370209097000;14.0;12.0
1370209098000;11.0;7.0
1370209099000;16.0;13.0
1370209100000;11.0;15.0
1370209101000;18.0;15.0
1370209102000;16.0;16.0
1370209103000;13.0;22.0
1370209104000;13.0;12.0
1370209105000;9.0;16.0
1370209106000;17.0;13.0
1370209107000;18.0;7.0
1370209108000;20.0;13.0
1370209109000;8.0;12.0
1370209110000;16.0;20.0
1370209111000;17.0;14.0
1370209112000;21.0;13.0
1370209113000;13.0;18.0
1370209114000;19.0;14.0
1370209115000;14.0;20.0
1370209116000;16.0;16.0
1370209117000;12.0;11.0
1370209118000;14.0;16.0
1370209119000;21.0;15.0
1370209120000;14.0;13.0
1370209121000;16.0;15.0
1370209122000;14.0;10.0
1370209123000;14.0;10.0
1370209124000;15.0;15.0
1370209125000;20.0;14.0
1370209126000;14.0;17.0
1370209127000;17.0;16.0
1370209128000;14.0;10.0
1370209129000;14.0;14.0
1370209130000;22.0;14.0
1370209131000;16.0;19.0
1370209132000;19.0;15.0
1370209133000;16.0;19.0
1370209134000;11.0;13.0
1370209135000;19.0;12.0
1370209136000;13.0;14.0
1370209137000;16.0;13.0
1370209138000;12.0;21.0
1370209139000;15.0;16.0
1370209140000;11.0;14.0
1370209141000;14.0;17.0
1370209142000;11.0;17.0
1370209143000;17.0;16.0
1370209144000;11.0;12.0
1370209145000;15.0;14.0
1370209146000;18.0;18.0
1370209147000;13.0;12.0
1370209148000;13.0;18.0
1370209149000;14.0;12.0
1370209150000;10.0;19.0
1370209151000;17.0;14.0
1370209152000;12.0;13.0
1370209153000;9.0;15.0
1370209154000;17.0;16.0
1370209155000;15.0;13.0
1370209156000;14.0;18.0
1370209157000;15.0;12.0
1370209158000;19.0;15.0
1370209159000;16.0;14.0
1370209160000;19.0;13.0
1370209161000;11.0;12.0
1370209162000;14.0;12.0
1370209163000;10.0;16.0
1370209164000;17.0;14.0
1370209165000;17.0;24.0
1370209166000;19.0;18.0
1370209167000;13.0;14.0
1370209168000;16.0;23.0
1370209169000;12.0;15.0
1370209170000;13.0;13.0
1370209171000;23.0;17.0
1370209172000;11.0;13.0
1370209173000;14.0;11.0
1370209174000;17.0;18.0
1370209175000;14.0;16.0
1370209176000;21.0;11.0
1370209177000;15.0;20.0
1370209178000;11.0;12.0
1370209179000;15.0;13.0
1370209180000;12.0;7.0
1370209181000;16.0;14.0
1370209182000;17.0;15.0
1370209183000;25.0;7.0
1370209184000;18.0;11.0
1370209185000;12.0;14.0
1370209186000;15.0;16.0
1370209187000;17.0;18.0
1370209188000;12.0;15.0
1370209189000;20.0;17.0
1370209190000;13.0;15.0
1370209191000;19.0;18.0
1370209192000;12.0;12.0
1370209193000;15.0;16.0
1370209194000;17.0;15.0
1370209195000;15.0;12.0
1370209196000;15.0;17.0
1370209197000;13.0;14.0
1370209198000;18.0;18.0
1370209199000;16.0;12.0
1370209200000;17.0;12.0
1370209201000;12.0;16.0
1370209202000;19.0;16.0
1370209203000;17.0;19.0
1370209204000;13.0;9.0
1370209205000;16.0;13.0
1370209206000;16.0;11.0
1370209207000;20.0;13.0
1370209208000;20.0;14.0
1370209209000;20.0;18.0
1370209210000;18.0;14.0
1370209211000;9.0;7.0
1370209212000;15.0;13.0
1370209213000;19.0;16.0
1370209214000;10.0;15.0
1370209215000;13.0;18.0
1370209216000;15.0;14.0
1370209217000;10.0;20.0
1370209218000;7.0;19.0
1370209219000;13.0;12.0
1370209220000;12.0;17.0
1370209221000;18.0;13.0
1370209222000;12.0;18.0
1370209223000;11.0;10.0
1370209224000;12.0;11.0
1370209225000;9.0;21.0
1370209226000;16.0;8.0
1370209227000;12.0;19.0
1370209228000;14.0;15.0
1370209229000;14.0;18.0
1370209230000;19.0;15.0
1370209231000;19.0;17.0
1370209232000;16.0;15.0
1370209233000;14.0;15.0
1370209234000;15.0;21.0
1370209235000;13.0;21.0
1370209236000;10.0;15.0
1370209237000;7.0;11.0
1370209238000;19.0;16.0
1370209239000;14.0;12.0
1370209240000;20.0;24.0
1370209241000;18.0;17.0
1370209242000;14.0;14.0
1370209243000;17.0;16.0
1370209244000;16.0;10.0
1370209245000;18.0;11.0
1370209246000;15.0;11.0
1370209247000;12.0;12.0
1370209248000;19.0;17.0
1370209249000;19.0;11.0
1370209250000;14.0;13.0
1370209251000;13.0;15.0
1370209252000;18.0;17.0
1370209253000;16.0;16.0
1370209254000;12.0;14.0
1370209255000;15.0;17.0
1370209256000;12.0;14.0
1370209257000;12.0;18.0
1370209258000;16.0;14.0
1370209259000;16.0;13.0
1370209260000;8.0;12.0
1370209261000;16.0;20.0
1370209262000;20.0;10.0
1370209263000;21.0;16.0
1370209264000;20.0;17.0
1370209265000;15.0;17.0
1370209266000;12.0;16.0
1370209267000;17.0;14.0
1370209268000;15.0;17.0
1370209269000;13.0;15.0
1370209270000;20.0;15.0
1370209271000;19.0;19.0
1370209272000;14.0;12.0
1370209273000;16.0;9.0
1370209274000;18.0;13.0
1370209275000;19.0;17.0
1370209276000;22.0;11.0
1370209277000;17.0;12.0
1370209278000;15.0;20.0
1370209279000;16.0;11.0
1370209280000;18.0;14.0
1370209281000;18.0;14.0
1370209282000;10.0;14.0
1370209283000;20.0;11.0
1370209284000;8.0;16.0
1370209285000;12.0;15.0
1370209286000;14.0;18.0
1370209287000;11.0;19.0
1370209288000;19.0;8.0
1370209289000;14.0;17.0
1370209290000;17.0;18.0
1370209291000;18.0;16.0
1370209292000;11.0;19.0
1370209293000;16.0;5.0
1370209294000;15.0;10.0
1370209295000;14.0;13.0
1370209296000;17.0;16.0
1370209297000;18.0;12.0
1370209298000;14.0;13.0
1370209299000;21.0;5.0
1370209300000;16.0;11.0
1370209301000;13.0;20.0
1370209302000;14.0;15.0
1370209303000;12.0;10.0
1370209304000;17.0;11.0
1370209305000;17.0;16.0
1370209306000;10.0;11.0
1370209307000;11.0;19.0
1370209308000;12.0;16.0
1370209309000;23.0;14.0
1370209310000;13.0;21.0
1370209311000;18.0;13.0
1370209312000;17.0;9.0
1370209313000;16.0;15.0
1370209314000;15.0;18.0
1370209315000;13.0;18.0
1370209316000;11.0;13.0
1370209317000;9.0;19.0
1370209318000;12.0;15.0
1370209319000;12.0;15.0
1370209320000;14.0;14.0
1370209321000;10.0;9.0
1370209322000;17.0;12.0
1370209323000;16.0;16.0
1370209324000;21.0;17.0
1370209325000;16.0;18.0
1370209326000;14.0;10.0
1370209327000;13.0;12.0
1370209328000;19.0;12.0
1370209329000;17.0;17.0
1370209330000;14.0;12.0
1370209331000;20.0;16.0
1370209332000;22.0;15.0
1370209333000;15.0;12.0
1370209334000;19.0;23.0
1370209335000;14.0;13.0
1370209336000;10.0;11.0
1370209337000;14.0;17.0
1370209338000;16.0;10.0
1370209339000;14.0;14.0
1370209340000;12.0;11.0
1370209341000;16.0;13.0
1370209342000;13.0;6.0
1370209343000;14.0;19.0
1370209344000;14.0;15.0
1370209345000;16.0;13.0
1370209346000;13.0;15.0
1370209347000;14.0;10.0
1370209348000;17.0;16.0
1370209349000;13.0;14.0
1370209350000;18.0;19.0
1370209351000;19.0;7.0
1370209352000;14.0;16.0
1370209353000;14.0;13.0
1370209354000;20.0;12.0
1370209355000;8.0;25.0
1370209356000;12.0;19.0
1370209357000;12.0;12.0
1370209358000;4.0;13.0
1370209359000;20.0;15.0
1370209360000;13.0;13.0
1370209361000;14.0;12.0
1370209362000;14.0;12.0
1370209363000;16.0;13.0
1370209364000;10.0;14.0
1370209365000;19.0;11.0
1370209366000;15.0;16.0
1370209367000;14.0;15.0
1370209368000;15.0;18.0
1370209369000;19.0;12.0
1370209370000;17.0;19.0
1370209371000;16.0;13.0
1370209372000;13.0;16.0
1370209373000;17.0;13.0
1370209374000;19.0;21.0
1370209375000;18.0;18.0
1370209376000;10.0;10.0
1370209377000;19.0;13.0
1370209378000;15.0;14.0
1370209379000;17.0;11.0
1370209380000;18.0;14.0
1370209381000;13.0;16.0
1370209382000;17.0;14.0
1370209383000;17.0;19.0
1370209384000;14.0;20.0
1370209385000;15.0;15.0
1370209386000;16.0;13.0
1370209387000;13.0;12.0
1370209388000;14.0;15.0
1370209389000;18.0;14.0
1370209390000;15.0;13.0
1370209391000;18.0;12.0
1370209392000;16.0;18.0
1370209393000;17.0;20.0
1370209394000;16.0;18.0
1370209395000;18.0;16.0
1370209396000;7.0;9.0
1370209397000;14.0;14.0
1370209398000;13.0;15.0
1370209399000;17.0;13.0
1370209400000;21.0;20.0
1370209401000;12.0;13.0
1370209402000;19.0;14.0
1370209403000;17.0;8.0
1370209404000;11.0;11.0
1370209405000;16.0;11.0
1370209406000;15.0;14.0
1370209407000;14.0;15.0
1370209408000;14.0;12.0
1370209409000;13.0;10.0
1370209410000;10.0;15.0
1370209411000;13.0;13.0
1370209412000;15.0;18.0
1370209413000;13.0;15.0
1370209414000;15.0;20.0
1370209415000;9.0;16.0
1370209416000;14.0;10.0
1370209417000;16.0;9.0
1370209418000;19.0;22.0
1370209419000;14.0;14.0
1370209420000;16.0;12.0
1370209421000;25.0;15.0
1370209422000;15.0;15.0
1370209423000;12.0;13.0
1370209424000;17.0;22.0
1370209425000;15.0;8.0
1370209426000;14.0;13.0
1370209427000;7.0;19.0
1370209428000;17.0;9.0
1370209429000;16.0;20.0
1370209430000;23.0;14.0
1370209431000;18.0;20.0
1370209432000;15.0;13.0
1370209433000;20.0;18.0
1370209434000;13.0;15.0
1370209435000;16.0;13.0
1370209436000;11.0;14.0
1370209437000;13.0;17.0
1370209438000;14.0;28.0
1370209439000;11.0;15.0
1370209440000;11.0;9.0
1370209441000;17.0;16.0
1370209442000;16.0;12.0
1370209443000;18.0;15.0
1370209444000;13.0;23.0
1370209445000;13.0;19.0
1370209446000;15.0;18.0
1370209447000;18.0;17.0
1370209448000;10.0;14.0
1370209449000;14.0;14.0
1370209450000;9.0;9.0
1370209451000;15.0;15.0
1370209452000;10.0;15.0
1370209453000;14.0;20.0
1370209454000;13.0;15.0
1370209455000;12.0;20.0
1370209456000;16.0;9.0
1370209457000;14.0;14.0
1370209458000;12.0;10.0
1370209459000;13.0;13.0
1370209460000;12.0;11.0
1370209461000;21.0;12.0
1370209462000;6.0;19.0
1370209463000;15.0;18.0
1370209464000;13.0;14.0
1370209465000;14.0;18.0
1370209466000;19.0;20.0
1370209467000;16.0;20.0
1370209468000;23.0;14.0
1370209469000;12.0;13.0
1370209470000;16.0;15.0
1370209471000;13.0;14.0
1370209472000;16.0;11.0
1370209473000;10.0;13.0
1370209474000;12.0;8.0
1370209475000;14.0;17.0
1370209476000;10.0;20.0
1370209477000;22.0;18.0
1370209478000;13.0;13.0
1370209479000;15.0;13.0
1370209480000;15.0;12.0
1370209481000;18.0;15.0
1370209482000;15.0;18.0
1370209483000;25.0;12.0
1370209484000;19.0;17.0
1370209485000;16.0;12.0
1370209486000;12.0;15.0
1370209487000;12.0;19.0
1370209488000;16.0;8.0
1370209489000;14.0;11.0
1370209490000;17.0;15.0
1370209491000;24.0;9.0
1370209492000;6.0;14.0
1370209493000;21.0;21.0
1370209494000;12.0;12.0
1370209495000;18.0;11.0
1370209496000;15.0;10.0
1370209497000;16.0;8.0
1370209498000;11.0;10.0
1370209499000;17.0;23.0
1370209500000;15.0;16.0
1370209501000;17.0;18.0
1370209502000;12.0;14.0
1370209503000;16.0;14.0
1370209504000;15.0;15.0
1370209505000;15.0;19.0
1370209506000;18.0;21.0
1370209507000;19.0;10.0
1370209508000;18.0;18.0
1370209509000;15.0;14.0
1370209510000;15.0;13.0
1370209511000;11.0;19.0
1370209512000;12.0;20.0
1370209513000;15.0;14.0
1370209514000;12.0;10.0
1370209515000;15.0;14.0
1370209516000;14.0;11.0
1370209517000;17.0;25.0
1370209518000;14.0;18.0
1370209519000;13.0;15.0
1370209520000;16.0;16.0
1370209521000;16.0;15.0
1370209522000;17.0;19.0
1370209523000;10.0;17.0
1370209524000;22.0;22.0
1370209525000;11.0;17.0
1370209526000;16.0;19.0
1370209527000;16.0;19.0
1370209528000;11.0;14.0
1370209529000;17.0;9.0
1370209530000;14.0;12.0
1370209531000;13.0;14.0
1370209532000;8.0;21.0
1370209533000;9.0;10.0
1370209534000;28.0;17.0
1370209535000;10.0;13.0
1370209536000;16.0;15.0
1370209537000;14.0;16.0
1370209538000;18.0;17.0
1370209539000;19.0;15.0
1370209540000;16.0;14.0
1370209541000;14.0;9.0
1370209542000;16.0;16.0
1370209543000;13.0;18.0
1370209544000;14.0;19.0
1370209545000;16.0;9.0
1370209546000;14.0;13.0
1370209547000;15.0;16.0
1370209548000;17.0;15.0
1370209549000;14.0;14.0
1370209550000;12.0;19.0
1370209551000;15.0;13.0
1370209552000;21.0;13.0
1370209553000;16.0;7.0
1370209554000;8.0;12.0
1370209555000;16.0;15.0
1370209556000;18.0;18.0
1370209557000;14.0;17.0
