Timestamp;WC0
1370166871525;1.370166871452E9
1370166871750;1.370166871678E9
1370166871796;1.370166871752E9
1370166871918;1.370166871761E9
1370166871940;1.370166871919E9
1370166872012;1.370166871902E9
1370166872122;1.37016687208E9
1370166872188;1.370166872178E9
1370166872376;1.370166872376E9
1370166872807;1.370166872563E9
1370166872933;1.370166872901E9
1370166873576;1.370166873262E9
1370166873644;1.37016687333E9
1370166873768;1.370166873634E9
1370166873863;1.37016687348E9
1370166874034;1.370166873966E9
1370166874052;1.370166874047E9
1370166874408;1.370166874321E9
1370166874417;1.370166874384E9
1370166874510;1.370166874509E9
1370166874580;1.370166874578E9
1370166874792;1.370166874538E9
1370166874912;1.370166874857E9
1370166875198;1.37016687511E9
1370166875216;1.370166874953E9
1370166876322;1.370166876301E9
1370166876459;1.370166876347E9
1370166876613;1.370166876444E9
1370166876711;1.370166876706E9
1370166876711;1.370166876682E9
1370166877020;1.370166877018E9
1370166877047;1.370166876901E9
1370166877056;1.370166876869E9
1370166877443;1.370166877418E9
1370166877866;1.370166877658E9
1370166878237;1.370166878154E9
1370166878306;1.37016687768E9
1370166878660;1.37016687866E9
1370166878738;1.370166878685E9
1370166879076;1.370166879066E9
1370166879241;1.37016687922E9
1370166879275;1.370166879185E9
1370166879517;1.370166879412E9
1370166879563;1.370166879379E9
1370166879853;1.370166879522E9
1370166879887;1.370166879878E9
1370166880208;1.370166880064E9
1370166880210;1.370166880209E9
1370166880241;1.370166880069E9
1370166880501;1.370166880442E9
1370166880613;1.370166880601E9
1370166880679;1.370166880672E9
1370166882057;1.370166881624E9
1370166882089;1.370166880872E9
1370166882142;1.370166881172E9
1370166882212;1.370166881023E9
1370166882270;1.370166881904E9
1370166882308;1.370166882032E9
1370166882862;1.370166882862E9
1370166883060;1.370166882798E9
1370166883120;1.370166882909E9
1370166883414;1.370166883413E9
1370166883449;1.370166883449E9
1370166883558;1.370166883538E9
1370166883970;1.370166883908E9
1370166884270;1.370166884202E9
1370166884568;1.370166884345E9
1370166885054;1.370166884647E9
1370166885055;1.37016688496E9
1370166885465;1.370166885458E9
1370166885478;1.3701668846E9
1370166885515;1.370166885426E9
1370166885526;1.370166885496E9
1370166885706;1.37016688556E9
1370166885829;1.370166885802E9
1370166886467;1.370166885959E9
1370166886593;1.370166885942E9
1370166886721;1.370166886519E9
1370166886825;1.370166885988E9
1370166887053;1.370166886724E9
1370166887081;1.370166886669E9
1370166887153;1.370166887087E9
1370166887254;1.370166887252E9
1370166887723;1.370166887681E9
1370166887737;1.370166886946E9
1370166887801;1.3701668875E9
1370166888082;1.37016688789E9
1370166888290;1.370166887806E9
1370166888674;1.370166888344E9
1370166888701;1.37016688865E9
1370166888729;1.370166888728E9
1370166889198;1.370166888231E9
1370166889266;1.3701668891E9
1370166889356;1.370166889005E9
1370166889360;1.370166888507E9
1370166889939;1.370166889782E9
1370166890147;1.370166889956E9
1370166890148;1.370166889789E9
1370166890215;1.370166889915E9
1370166890506;1.370166890482E9
1370166890679;1.370166890646E9
1370166890818;1.370166890813E9
1370166891640;1.370166891448E9
1370166891642;1.370166891634E9
1370166892163;1.370166892085E9
1370166892498;1.370166892342E9
1370166892663;1.370166892393E9
1370166892840;1.370166892833E9
1370166892884;1.370166892858E9
1370166893217;1.370166893161E9
1370166893243;1.370166893128E9
1370166893974;1.370166893969E9
1370166894020;1.370166893872E9
1370166894066;1.370166893903E9
1370166894143;1.370166894028E9
1370166894258;1.370166894194E9
1370166894818;1.370166894679E9
1370166895034;1.370166895008E9
1370166895215;1.370166895212E9
1370166895317;1.370166895302E9
1370166895532;1.370166895071E9
1370166896267;1.370166896208E9
1370166896285;1.370166895838E9
1370166896319;1.37016689606E9
1370166896352;1.370166896333E9
1370166896396;1.370166895992E9
1370166896416;1.370166896381E9
1370166896590;1.370166896571E9
1370166897093;1.37016689707E9
1370166897185;1.370166897065E9
1370166897193;1.370166897188E9
1370166897306;1.370166897153E9
1370166897381;1.370166897326E9
1370166897988;1.370166897766E9
1370166898149;1.370166897742E9
1370166898415;1.370166897785E9
1370166898721;1.370166898643E9
1370166898788;1.370166898613E9
1370166899188;1.37016689916E9
1370166899262;1.370166899236E9
1370166899475;1.370166899329E9
1370166899533;1.370166899406E9
1370166899749;1.370166899694E9
1370166899832;1.370166899779E9
1370166899980;1.370166899935E9
1370166900077;1.370166899894E9
1370166900631;1.370166900201E9
1370166900674;1.37016689963E9
1370166900984;1.370166900821E9
1370166901241;1.370166901151E9
1370166901535;1.370166901523E9
1370166901676;1.370166901637E9
1370166901834;1.370166901765E9
1370166901918;1.370166901903E9
1370166901942;1.370166901927E9
1370166902069;1.370166902023E9
1370166902930;1.370166902805E9
1370166903293;1.370166903286E9
1370166903651;1.370166903462E9
1370166903675;1.370166903674E9
1370166903738;1.37016690364E9
1370166904055;1.37016690404E9
1370166904294;1.370166904282E9
1370166904442;1.370166904377E9
1370166904600;1.370166904599E9
1370166904606;1.370166904416E9
1370166904636;1.37016690458E9
1370166904824;1.37016690438E9
1370166905768;1.37016690549E9
1370166906312;1.370166905702E9
1370166906323;1.370166905993E9
1370166906338;1.370166906335E9
1370166906410;1.370166905494E9
1370166906493;1.370166906248E9
1370166906677;1.370166906629E9
1370166906912;1.370166906887E9
1370166907009;1.370166907004E9
1370166907239;1.370166907234E9
1370166907295;1.370166907229E9
1370166907520;1.370166907023E9
1370166907677;1.370166907561E9
1370166907872;1.370166907504E9
1370166907925;1.37016690786E9
1370166907954;1.37016690755E9
1370166908276;1.370166908275E9
1370166908289;1.370166908062E9
1370166908434;1.370166907756E9
1370166908494;1.370166908193E9
1370166908584;1.370166907851E9
1370166908646;1.370166908641E9
1370166908825;1.370166908816E9
1370166909053;1.370166909049E9
1370166909195;1.370166909194E9
1370166909437;1.370166909328E9
1370166909679;1.370166909463E9
1370166909740;1.37016690972E9
1370166909832;1.370166909817E9
1370166910927;1.370166910381E9
1370166910981;1.370166910742E9
1370166911142;1.37016691059E9
1370166911434;1.370166911375E9
1370166911573;1.370166911568E9
1370166911806;1.370166911792E9
1370166911890;1.370166911656E9
1370166912452;1.37016691245E9
1370166912579;1.370166912516E9
1370166912733;1.370166912592E9
1370166912868;1.370166912752E9
1370166912987;1.370166912962E9
1370166913028;1.370166913026E9
1370166913201;1.370166913003E9
1370166913263;1.370166912783E9
1370166913706;1.370166913515E9
1370166913848;1.370166913838E9
1370166913918;1.370166913911E9
1370166913924;1.370166913518E9
1370166914058;1.370166914048E9
1370166914348;1.370166913997E9
1370166914521;1.370166914278E9
1370166914717;1.370166914542E9
1370166915020;1.370166914885E9
1370166915041;1.370166914992E9
1370166915175;1.370166914463E9
1370166915216;1.370166914036E9
1370166915301;1.370166914484E9
1370166915372;1.370166915367E9
1370166915400;1.370166915341E9
1370166915433;1.370166914661E9
1370166915729;1.370166914889E9
1370166915861;1.370166915678E9
1370166915978;1.37016691592E9
1370166916099;1.370166916061E9
1370166916217;1.370166915613E9
1370166916303;1.370166916106E9
1370166916649;1.370166916359E9
1370166916691;1.370166916643E9
1370166916819;1.370166916516E9
1370166916880;1.370166916433E9
1370166917229;1.370166917171E9
1370166917232;1.370166917206E9
1370166917429;1.370166917261E9
1370166917494;1.370166917483E9
1370166918075;1.370166918008E9
1370166918199;1.370166918128E9
1370166918617;1.370166918339E9
1370166918812;1.370166918811E9
1370166919256;1.370166919112E9
1370166920440;1.370166920141E9
1370166920646;1.370166919918E9
1370166921130;1.370166921118E9
1370166921355;1.370166921248E9
1370166921766;1.370166921392E9
1370166921830;1.37016692163E9
1370166922025;1.370166921936E9
1370166922057;1.370166921624E9
1370166922211;1.370166922181E9
1370166922409;1.370166922408E9
1370166922828;1.370166922803E9
1370166922870;1.370166922869E9
1370166922950;1.370166922558E9
1370166922994;1.370166922862E9
1370166923325;1.370166923126E9
1370166923335;1.37016692313E9
1370166923350;1.37016692319E9
1370166923557;1.370166923095E9
1370166923766;1.370166923507E9
1370166923831;1.370166923698E9
1370166923968;1.37016692387E9
1370166924073;1.370166923861E9
1370166924125;1.370166924095E9
1370166924159;1.370166924076E9
1370166925072;1.370166924984E9
1370166925088;1.370166925032E9
1370166925269;1.370166925256E9
1370166925661;1.370166925621E9
1370166925662;1.370166925615E9
1370166925803;1.370166925664E9
1370166925960;1.370166925848E9
1370166926290;1.37016692593E9
1370166926462;1.370166925975E9
1370166926601;1.370166925816E9
1370166926958;1.37016692631E9
1370166927090;1.370166926871E9
1370166927115;1.370166925743E9
1370166927162;1.370166926231E9
1370166927355;1.370166925695E9
1370166927623;1.370166926264E9
1370166927927;1.370166926834E9
1370166928103;1.370166927447E9
1370166928450;1.370166927857E9
1370166928641;1.370166928408E9
1370166928773;1.370166928773E9
1370166928842;1.370166927809E9
1370166929104;1.370166928977E9
1370166929114;1.370166928469E9
1370166929462;1.370166928981E9
1370166929625;1.370166929521E9
1370166929653;1.370166928201E9
1370166929847;1.37016692975E9
1370166930507;1.370166930451E9
1370166930569;1.370166930401E9
1370166930758;1.370166930707E9
1370166930882;1.370166930631E9
1370166930982;1.370166930902E9
1370166931114;1.370166931106E9
1370166931684;1.370166931487E9
1370166931697;1.370166931697E9
1370166932227;1.370166932132E9
1370166932364;1.370166932331E9
1370166932425;1.37016693241E9
1370166932659;1.370166932477E9
1370166932856;1.370166932806E9
1370166932928;1.370166932838E9
1370166933121;1.37016693281E9
1370166933178;1.370166932909E9
1370166933204;1.370166932903E9
1370166933409;1.370166933368E9
1370166933576;1.370166933392E9
1370166933926;1.370166933748E9
1370166934080;1.370166933736E9
1370166934277;1.370166934109E9
1370166934297;1.370166934097E9
1370166934321;1.370166934309E9
1370166935054;1.370166934755E9
1370166935074;1.370166935059E9
1370166935145;1.370166935093E9
1370166935319;1.370166935226E9
1370166935856;1.370166935468E9
1370166936254;1.370166935555E9
1370166936608;1.370166935873E9
1370166937242;1.370166936391E9
1370166937251;1.370166936536E9
1370166937259;1.37016693597E9
1370166937548;1.370166937501E9
1370166937694;1.370166937624E9
1370166937772;1.370166937743E9
1370166937800;1.370166937679E9
1370166937960;1.370166937837E9
1370166938067;1.370166938058E9
1370166938409;1.37016693831E9
1370166938707;1.370166938707E9
1370166938734;1.370166938502E9
1370166938769;1.370166938556E9
1370166938988;1.370166938468E9
1370166939103;1.37016693903E9
1370166939128;1.370166938847E9
1370166939486;1.370166939338E9
1370166939678;1.370166939665E9
1370166939866;1.370166939574E9
1370166939941;1.370166939594E9
1370166940059;1.370166939887E9
1370166940302;1.37016693998E9
1370166940315;1.370166939744E9
1370166940361;1.370166939524E9
1370166940645;1.370166940444E9
1370166940768;1.370166939963E9
1370166940779;1.370166940777E9
1370166940843;1.370166940837E9
1370166940882;1.370166940882E9
1370166940892;1.370166940721E9
1370166940970;1.37016694091E9
1370166941078;1.370166940399E9
1370166941216;1.370166941104E9
1370166941583;1.370166941138E9
1370166941745;1.370166941181E9
1370166941790;1.370166940485E9
1370166942095;1.370166942019E9
1370166942967;1.370166942912E9
1370166943223;1.370166943192E9
1370166943270;1.370166943261E9
1370166943453;1.370166943388E9
1370166943538;1.370166943533E9
1370166943862;1.37016694383E9
1370166943925;1.370166943497E9
1370166944025;1.370166943926E9
1370166944216;1.370166943679E9
1370166944261;1.370166943903E9
1370166944487;1.370166943633E9
1370166944501;1.370166944425E9
1370166944628;1.370166944512E9
1370166945206;1.370166945042E9
1370166945365;1.370166945253E9
1370166945519;1.370166945371E9
1370166945825;1.370166945631E9
1370166945836;1.370166945834E9
1370166945862;1.370166945813E9
1370166946092;1.370166946028E9
1370166946406;1.370166946377E9
1370166946505;1.370166946347E9
1370166946752;1.370166946719E9
1370166946797;1.370166946786E9
1370166946985;1.370166946568E9
1370166947027;1.370166947018E9
1370166947421;1.370166947351E9
1370166947447;1.370166947411E9
1370166947606;1.370166947476E9
1370166947759;1.370166947747E9
1370166947847;1.370166947579E9
1370166948343;1.370166948297E9
1370166948513;1.370166947981E9
1370166948922;1.370166948628E9
1370166949132;1.370166949038E9
1370166949172;1.370166949171E9
1370166949305;1.370166949002E9
1370166949638;1.37016694957E9
1370166949822;1.370166949512E9
1370166950030;1.370166950027E9
1370166950304;1.370166950226E9
1370166950304;1.370166950259E9
1370166950426;1.370166950255E9
1370166950451;1.370166950117E9
1370166950560;1.370166950383E9
1370166950582;1.370166950566E9
1370166950839;1.370166950664E9
1370166951037;1.370166950937E9
1370166951224;1.370166951187E9
1370166951705;1.370166951621E9
1370166951846;1.370166951564E9
1370166952070;1.370166952053E9
1370166952338;1.37016695218E9
1370166952742;1.370166952727E9
1370166952948;1.37016695294E9
1370166953088;1.370166952928E9
1370166953237;1.370166952855E9
1370166953355;1.370166952863E9
1370166953382;1.370166953244E9
1370166953518;1.370166953439E9
1370166953664;1.37016695295E9
1370166953750;1.370166953601E9
1370166953827;1.370166953373E9
1370166954091;1.370166954015E9
1370166954205;1.370166953802E9
1370166954522;1.370166954038E9
1370166954607;1.370166954391E9
1370166954825;1.370166954364E9
1370166955298;1.370166955277E9
1370166955426;1.370166954888E9
1370166955819;1.370166955202E9
1370166955844;1.370166955461E9
1370166956132;1.370166955981E9
1370166956669;1.370166956643E9
1370166956999;1.370166956977E9
1370166957611;1.370166957427E9
1370166957697;1.370166957469E9
1370166957996;1.370166957801E9
1370166958355;1.370166958226E9
1370166958409;1.370166958392E9
1370166958444;1.370166958265E9
1370166958477;1.370166958467E9
1370166959558;1.370166959512E9
1370166959733;1.370166959707E9
1370166960133;1.370166959935E9
1370166960214;1.370166959947E9
1370166960298;1.370166960163E9
1370166960503;1.37016696044E9
1370166960537;1.370166960188E9
1370166960764;1.370166960702E9
1370166960975;1.370166960402E9
1370166961038;1.370166960613E9
1370166961101;1.370166960781E9
1370166961523;1.370166960425E9
1370166961848;1.370166961637E9
1370166961957;1.370166961072E9
1370166962061;1.370166960882E9
1370166962186;1.370166961549E9
1370166962479;1.370166961599E9
1370166962483;1.37016696156E9
1370166962640;1.370166962201E9
1370166962925;1.370166962815E9
1370166962934;1.370166961567E9
1370166963178;1.370166962416E9
1370166963245;1.370166963092E9
1370166963663;1.370166963295E9
1370166963760;1.370166963741E9
1370166963993;1.370166962314E9
1370166964710;1.370166964218E9
1370166964724;1.370166963517E9
1370166965131;1.370166964979E9
1370166965575;1.370166965177E9
1370166965675;1.370166965224E9
1370166965767;1.370166965479E9
1370166965774;1.370166965577E9
1370166965812;1.370166965122E9
1370166965962;1.370166965929E9
1370166966057;1.370166966024E9
1370166966065;1.37016696606E9
1370166966640;1.370166966281E9
1370166966753;1.370166966731E9
1370166966966;1.370166966919E9
1370166967223;1.370166967179E9
1370166967253;1.370166967251E9
1370166967433;1.370166967382E9
1370166968097;1.370166968076E9
1370166968349;1.370166968059E9
1370166968406;1.370166968079E9
1370166969022;1.370166968297E9
1370166969245;1.370166968135E9
1370166969271;1.37016696833E9
1370166969371;1.370166968464E9
1370166969393;1.370166969391E9
1370166969529;1.370166968787E9
1370166969569;1.370166969567E9
1370166969628;1.370166969275E9
1370166969789;1.370166969289E9
1370166970098;1.370166969576E9
1370166970162;1.370166970142E9
1370166970324;1.370166970133E9
1370166970325;1.370166970315E9
1370166970661;1.370166970641E9
1370166970748;1.370166970741E9
1370166970757;1.370166970752E9
1370166970760;1.370166970683E9
1370166971105;1.370166971059E9
1370166971183;1.37016697112E9
1370166971233;1.370166971142E9
1370166971251;1.370166971218E9
1370166971556;1.370166971489E9
1370166972010;1.370166971955E9
1370166972512;1.370166972093E9
1370166972874;1.37016697211E9
1370166973101;1.370166972855E9
1370166973105;1.370166972261E9
1370166973155;1.370166972916E9
1370166973262;1.370166972955E9
1370166973415;1.370166973309E9
1370166973942;1.370166973817E9
1370166974301;1.370166974273E9
1370166974348;1.370166974304E9
1370166974503;1.37016697446E9
1370166974512;1.370166974452E9
1370166974535;1.370166974515E9
1370166974697;1.370166974662E9
1370166975061;1.370166975025E9
1370166975190;1.370166975088E9
1370166975308;1.370166975215E9
1370166975328;1.370166975326E9
1370166975507;1.37016697548E9
1370166975791;1.370166975771E9
1370166975989;1.370166975964E9
1370166976009;1.370166975856E9
1370166976238;1.370166976196E9
1370166976340;1.37016697627E9
1370166976405;1.370166976328E9
1370166976479;1.370166976474E9
1370166976611;1.370166976522E9
1370166977108;1.370166976844E9
1370166977232;1.370166977124E9
1370166977408;1.370166977317E9
1370166977507;1.370166976983E9
1370166977601;1.370166977573E9
1370166977903;1.370166977882E9
1370166978673;1.370166978267E9
1370166978725;1.370166978717E9
1370166979188;1.37016697916E9
1370166979281;1.370166979211E9
1370166979508;1.370166979422E9
1370166979756;1.37016697936E9
1370166979766;1.370166979246E9
1370166979923;1.370166979908E9
1370166980083;1.370166979989E9
1370166980125;1.370166979983E9
1370166980224;1.370166980182E9
1370166980315;1.370166980207E9
1370166980765;1.370166980698E9
1370166981048;1.370166981004E9
1370166981283;1.370166981253E9
1370166981887;1.370166981725E9
1370166982015;1.370166981687E9
1370166982066;1.370166981777E9
1370166982274;1.370166982184E9
1370166982309;1.370166981988E9
1370166982678;1.370166982677E9
1370166982861;1.370166982842E9
1370166982888;1.370166982873E9
1370166983552;1.37016698346E9
1370166983979;1.370166983752E9
1370166984006;1.370166983896E9
1370166985086;1.37016698481E9
1370166985101;1.370166984707E9
1370166985299;1.370166985174E9
1370166985359;1.370166985254E9
1370166985452;1.370166985208E9
1370166985507;1.370166985329E9
1370166985645;1.370166985638E9
1370166985706;1.37016698558E9
1370166985891;1.370166985832E9
1370166985898;1.370166985562E9
1370166986034;1.370166985955E9
1370166986041;1.370166986039E9
1370166986093;1.370166985537E9
1370166986186;1.370166986163E9
1370166986436;1.370166986324E9
1370166986845;1.370166986715E9
1370166986870;1.370166986812E9
1370166986879;1.370166986872E9
1370166986958;1.370166986939E9
1370166987014;1.370166986966E9
1370166987113;1.370166987095E9
1370166987442;1.370166987368E9
1370166987902;1.370166987882E9
1370166988099;1.370166987931E9
1370166988263;1.370166988231E9
1370166988316;1.370166988205E9
1370166988341;1.370166988328E9
1370166988974;1.370166988893E9
1370166989183;1.370166989178E9
1370166989432;1.370166989285E9
1370166989460;1.370166989225E9
1370166989512;1.37016698949E9
1370166989703;1.370166989565E9
1370166989749;1.370166989658E9
1370166989798;1.370166989763E9
1370166989973;1.370166989684E9
1370166990076;1.370166989771E9
1370166990581;1.370166990169E9
1370166990631;1.370166990629E9
1370166990854;1.370166990706E9
1370166990919;1.370166990874E9
1370166991097;1.370166991037E9
1370166991312;1.37016699084E9
1370166991582;1.370166991523E9
1370166992345;1.370166992338E9
1370166992462;1.370166992333E9
1370166992636;1.370166992313E9
1370166992780;1.370166992694E9
1370166993079;1.370166992917E9
1370166993610;1.370166993575E9
1370166993686;1.370166993403E9
1370166993741;1.370166993584E9
1370166993988;1.370166993768E9
1370166994210;1.37016699413E9
1370166994572;1.370166994482E9
1370166994790;1.370166994437E9
1370166995007;1.370166994874E9
1370166995140;1.370166995138E9
1370166996104;1.37016699599E9
1370166996181;1.370166996141E9
1370166996646;1.370166996599E9
1370166996984;1.370166996799E9
1370166997019;1.3701669969E9
1370166997058;1.370166997055E9
1370166997321;1.370166997162E9
1370166997360;1.370166997183E9
1370166997670;1.370166997668E9
1370166997749;1.37016699763E9
1370166997838;1.370166997743E9
1370166999097;1.370166998985E9
1370166999223;1.370166999015E9
1370166999291;1.370166999181E9
1370166999429;1.370166999385E9
1370166999744;1.370166999743E9
1370167000014;1.370166999969E9
1370167000244;1.370167000141E9
1370167000389;1.370166999752E9
1370167000407;1.370167000289E9
1370167000714;1.370167000685E9
1370167000820;1.370167000459E9
1370167000956;1.370167000831E9
1370167001105;1.370167001003E9
1370167001487;1.370167000892E9
1370167001784;1.370167001781E9
1370167002013;1.370167001648E9
1370167002640;1.370167002616E9
1370167003101;1.370167003077E9
1370167003852;1.370167003751E9
1370167004464;1.370167004459E9
1370167004479;1.370167004357E9
1370167004559;1.370167004549E9
1370167004665;1.370167004664E9
1370167004769;1.370167004768E9
1370167004924;1.37016700487E9
1370167005108;1.370167005096E9
1370167005192;1.370167004907E9
1370167005475;1.37016700532E9
1370167006133;1.370167006105E9
1370167006447;1.370167006447E9
1370167006684;1.370167006402E9
1370167006715;1.370167006372E9
1370167006800;1.370167006433E9
1370167007047;1.370167006741E9
1370167007310;1.370167007031E9
1370167007646;1.370167007401E9
1370167007838;1.370167007692E9
1370167008004;1.370167007338E9
1370167008056;1.370167007864E9
1370167008075;1.370167006346E9
1370167008085;1.370167007824E9
1370167008324;1.370167008188E9
1370167008543;1.370167006886E9
1370167008643;1.370167008466E9
1370167008644;1.370167008301E9
1370167008791;1.370167008741E9
1370167008939;1.370167008907E9
1370167009631;1.37016700953E9
1370167009670;1.370167009584E9
1370167010017;1.370167010009E9
1370167010657;1.370167010479E9
1370167010788;1.370167010158E9
1370167010859;1.37016701073E9
1370167010951;1.370167010313E9
1370167011019;1.370167010514E9
1370167011181;1.370167011044E9
1370167011250;1.370167011076E9
1370167011269;1.370167011229E9
1370167011418;1.370167011147E9
1370167012226;1.370167012208E9
1370167012320;1.370167012305E9
1370167012601;1.370167012381E9
1370167012640;1.370167012346E9
1370167012753;1.370167012703E9
1370167013137;1.37016701313E9
1370167013248;1.370167013233E9
1370167013367;1.370167013309E9
1370167013525;1.370167013525E9
1370167013540;1.370167013451E9
1370167013550;1.370167013438E9
1370167013574;1.370167013412E9
1370167013876;1.370167013775E9
1370167014351;1.37016701435E9
1370167014445;1.37016701436E9
1370167014457;1.370167014194E9
1370167014549;1.37016701434E9
1370167014593;1.370167014571E9
1370167015062;1.370167014997E9
1370167015344;1.370167015268E9
1370167015480;1.370167015327E9
1370167015651;1.370167015496E9
1370167015915;1.370167015549E9
1370167016267;1.370167016005E9
1370167016530;1.370167015916E9
1370167016717;1.370167016662E9
1370167016894;1.370167016291E9
1370167017116;1.370167016993E9
1370167017560;1.370167017167E9
1370167017660;1.37016701754E9
1370167017738;1.37016701744E9
1370167017926;1.370167017914E9
1370167018054;1.370167018037E9
1370167018104;1.370167018075E9
1370167018397;1.370167018395E9
1370167018460;1.370167018399E9
1370167018672;1.370167018645E9
1370167018978;1.370167018861E9
1370167019115;1.370167019079E9
1370167019608;1.370167019541E9
1370167019763;1.370167019683E9
1370167019875;1.37016701986E9
1370167019923;1.370167019918E9
1370167019977;1.370167019933E9
1370167020260;1.370167020193E9
1370167021016;1.370167020996E9
1370167021909;1.370167021719E9
1370167021935;1.37016702193E9
1370167022047;1.370167022046E9
1370167022242;1.370167022164E9
1370167022895;1.370167022384E9
1370167022917;1.37016702268E9
1370167022967;1.370167022526E9
1370167023034;1.370167022398E9
1370167023083;1.370167023081E9
1370167023085;1.370167022954E9
1370167023168;1.370167023163E9
1370167023374;1.370167023372E9
1370167024231;1.370167023806E9
1370167024312;1.370167023586E9
1370167024469;1.370167024468E9
1370167024621;1.370167024529E9
1370167024810;1.370167024667E9
1370167025090;1.370167024927E9
1370167025974;1.37016702578E9
1370167026202;1.370167026075E9
1370167026243;1.370167026046E9
1370167026677;1.370167026547E9
1370167026724;1.370167026517E9
1370167026890;1.37016702679E9
1370167026966;1.370167026941E9
1370167027021;1.370167026417E9
1370167027054;1.370167027049E9
1370167027118;1.370167027111E9
1370167027651;1.370167027609E9
1370167028084;1.370167028062E9
1370167028176;1.370167028174E9
1370167028233;1.370167027949E9
1370167028350;1.370167028104E9
1370167028390;1.37016702813E9
1370167028392;1.370167027906E9
1370167028903;1.370167028903E9
1370167028919;1.370167028906E9
1370167029096;1.370167029073E9
1370167029694;1.370167029685E9
1370167029959;1.370167029931E9
1370167030274;1.370167030253E9
1370167030342;1.370167030312E9
1370167031156;1.370167031134E9
1370167031158;1.370167031083E9
1370167031382;1.370167031272E9
1370167031605;1.370167031166E9
1370167031692;1.370167031572E9
1370167031701;1.3701670315E9
1370167031944;1.370167031449E9
1370167032211;1.370167031575E9
1370167032239;1.370167031241E9
1370167032454;1.370167031864E9
1370167032550;1.370167032034E9
1370167033042;1.370167032535E9
1370167033066;1.37016703205E9
1370167033224;1.370167033133E9
1370167033375;1.37016703334E9
1370167033617;1.370167033592E9
1370167033734;1.370167033676E9
1370167033953;1.370167033868E9
1370167034419;1.370167034411E9
1370167034716;1.370167034706E9
1370167034808;1.370167034632E9
1370167035534;1.370167035417E9
1370167035742;1.370167035686E9
1370167035775;1.370167035541E9
1370167035893;1.370167035891E9
1370167035962;1.370167035661E9
1370167035983;1.370167035978E9
1370167036212;1.370167035994E9
1370167036672;1.370167036649E9
1370167037018;1.370167036945E9
1370167037428;1.370167037427E9
1370167037612;1.370167037483E9
1370167037659;1.370167037466E9
1370167037751;1.370167037739E9
1370167037884;1.370167037864E9
1370167038048;1.370167038016E9
1370167038156;1.370167038153E9
1370167038197;1.370167038119E9
1370167038303;1.370167038052E9
1370167038404;1.370167038116E9
1370167038746;1.37016703864E9
1370167038912;1.370167038394E9
1370167038980;1.370167038112E9
1370167039276;1.370167038614E9
1370167039333;1.370167038521E9
1370167039487;1.370167039358E9
1370167039654;1.370167039463E9
1370167039682;1.370167039407E9
1370167040195;1.370167040152E9
1370167040274;1.370167039784E9
1370167040373;1.370167039828E9
1370167040565;1.370167040521E9
1370167040587;1.370167040586E9
1370167040813;1.37016704069E9
1370167040867;1.37016704086E9
1370167041063;1.370167040904E9
1370167041671;1.370167041559E9
1370167042085;1.370167042053E9
1370167042189;1.370167041628E9
1370167042263;1.370167041963E9
1370167042470;1.370167041943E9
1370167042470;1.370167042272E9
1370167042560;1.370167041654E9
1370167042749;1.370167042045E9
1370167042809;1.370167042614E9
1370167043159;1.370167042551E9
1370167043203;1.370167043165E9
1370167043413;1.370167043408E9
1370167043580;1.370167042875E9
1370167043624;1.370167043465E9
1370167043700;1.370167043628E9
1370167043763;1.370167043469E9
1370167044065;1.370167044049E9
1370167044216;1.370167044186E9
1370167044628;1.370167044604E9
1370167044723;1.370167044693E9
1370167044958;1.370167044923E9
1370167045102;1.37016704468E9
1370167045106;1.370167044943E9
1370167045353;1.370167045306E9
1370167045414;1.37016704531E9
1370167045899;1.370167045779E9
1370167046001;1.370167045737E9
1370167046090;1.370167045711E9
1370167046142;1.370167045934E9
1370167046402;1.37016704595E9
1370167046618;1.370167046535E9
1370167047064;1.370167046697E9
1370167047302;1.370167046929E9
1370167047384;1.370167047375E9
1370167047502;1.370167047361E9
1370167047739;1.370167047276E9
1370167047817;1.37016704757E9
1370167047867;1.370167047645E9
1370167048113;1.370167047965E9
1370167049090;1.370167049046E9
1370167049300;1.370167049268E9
1370167049458;1.370167049354E9
1370167049660;1.370167049614E9
1370167049832;1.370167049687E9
1370167049922;1.370167049672E9
1370167050101;1.370167049954E9
1370167050237;1.37016704999E9
1370167050262;1.37016705003E9
1370167050300;1.370167049986E9
1370167050593;1.370167050344E9
1370167050706;1.370167050533E9
1370167050799;1.370167050799E9
1370167050813;1.370167050444E9
1370167050830;1.370167050784E9
1370167051006;1.370167050946E9
1370167051241;1.370167051212E9
1370167051289;1.370167051166E9
1370167051291;1.370167051233E9
1370167051359;1.370167051315E9
1370167051849;1.370167051689E9
1370167051895;1.370167051794E9
1370167052068;1.370167051801E9
1370167052110;1.370167051685E9
1370167052232;1.370167051496E9
1370167052405;1.3701670519E9
1370167052916;1.370167052697E9
1370167053169;1.370167053056E9
1370167053202;1.370167052189E9
1370167053270;1.370167052847E9
1370167053367;1.370167051418E9
1370167053407;1.370167051945E9
1370167054118;1.370167053728E9
1370167054133;1.370167053806E9
1370167054149;1.370167053709E9
1370167054164;1.370167054144E9
1370167054233;1.370167054228E9
1370167054703;1.370167054602E9
1370167055081;1.370167054924E9
1370167055287;1.37016705506E9
1370167055436;1.370167054899E9
1370167055575;1.370167055046E9
1370167055591;1.37016705521E9
1370167056267;1.370167056073E9
1370167056529;1.37016705605E9
1370167056663;1.370167056661E9
1370167056675;1.370167056397E9
1370167056738;1.370167056629E9
1370167056959;1.370167056832E9
1370167057138;1.370167057101E9
1370167057161;1.370167057159E9
1370167057558;1.370167057554E9
1370167057717;1.370167057635E9
1370167058245;1.370167057897E9
1370167058601;1.37016705837E9
1370167058799;1.370167058354E9
1370167059050;1.370167059031E9
1370167059085;1.370167059027E9
1370167059943;1.370167059912E9
1370167060541;1.370167060437E9
1370167060851;1.370167060835E9
1370167061123;1.370167060989E9
1370167061253;1.370167060452E9
1370167061518;1.370167061513E9
1370167061543;1.370167061001E9
1370167061551;1.370167061125E9
1370167061659;1.370167061313E9
1370167061746;1.370167061723E9
1370167061902;1.370167061901E9
1370167061912;1.370167061907E9
1370167062002;1.370167061843E9
1370167062108;1.370167062086E9
1370167062187;1.370167062009E9
1370167062303;1.370167062288E9
1370167062337;1.370167062326E9
1370167062529;1.370167062172E9
1370167063373;1.37016706327E9
1370167063462;1.370167062923E9
1370167063545;1.370167062903E9
1370167063615;1.370167063614E9
1370167063841;1.370167063143E9
1370167063924;1.370167063787E9
1370167063984;1.370167063779E9
1370167064069;1.370167064007E9
1370167064126;1.370167064116E9
1370167064551;1.370167064543E9
1370167064665;1.370167064568E9
1370167064670;1.370167064604E9
1370167064765;1.370167064693E9
1370167065015;1.37016706501E9
1370167065221;1.370167065124E9
1370167065413;1.370167065154E9
1370167065416;1.370167065209E9
1370167065629;1.37016706547E9
1370167066429;1.370167066373E9
1370167066757;1.370167066628E9
1370167066792;1.370167066792E9
1370167067708;1.370167067501E9
1370167067803;1.370167067794E9
1370167068040;1.370167068E9
1370167068273;1.370167067438E9
1370167068408;1.370167067763E9
1370167068492;1.370167068392E9
1370167068524;1.37016706838E9
1370167068558;1.370167068439E9
1370167068754;1.370167068695E9
1370167069146;1.370167069146E9
1370167069294;1.370167069274E9
1370167069789;1.370167069641E9
1370167069925;1.370167069594E9
1370167070030;1.370167069932E9
1370167070108;1.370167070096E9
1370167070337;1.370167070311E9
1370167070977;1.3701670709E9
1370167070990;1.370167070869E9
1370167071400;1.370167071278E9
1370167071531;1.370167071291E9
1370167071838;1.370167071274E9
1370167071896;1.370167071308E9
1370167072259;1.370167072247E9
1370167072465;1.370167072463E9
1370167072700;1.370167072591E9
1370167072718;1.37016707246E9
1370167072875;1.370167072586E9
1370167072925;1.370167072571E9
1370167073106;1.370167072652E9
1370167073125;1.370167073052E9
1370167073287;1.370167072527E9
1370167073583;1.370167073571E9
1370167073741;1.370167073733E9
1370167074077;1.370167073869E9
1370167074204;1.370167074118E9
1370167074335;1.370167074328E9
1370167074444;1.370167074357E9
1370167074631;1.370167074631E9
1370167075113;1.370167074959E9
1370167075257;1.370167075043E9
1370167075264;1.370167075022E9
1370167075310;1.370167075264E9
1370167075340;1.370167075095E9
1370167075499;1.370167075388E9
1370167075546;1.370167075354E9
1370167075886;1.370167075709E9
1370167075952;1.370167075592E9
1370167076256;1.370167076052E9
1370167076294;1.370167076196E9
1370167076503;1.370167076468E9
1370167076688;1.370167076561E9
1370167076778;1.370167076509E9
1370167076899;1.370167076408E9
1370167077079;1.370167076658E9
1370167077501;1.370167076946E9
1370167077544;1.370167077219E9
1370167077600;1.370167077548E9
1370167078581;1.370167078278E9
1370167078912;1.370167078912E9
1370167079175;1.370167078283E9
1370167079249;1.370167078295E9
1370167079344;1.370167079119E9
1370167079810;1.370167079639E9
1370167079816;1.370167079513E9
1370167079959;1.370167079288E9
1370167079963;1.37016707991E9
1370167080038;1.370167079984E9
1370167080422;1.370167080378E9
1370167080511;1.370167080483E9
1370167080632;1.370167080552E9
1370167080744;1.370167080525E9
1370167080956;1.37016708093E9
1370167081083;1.370167080811E9
1370167081219;1.370167081088E9
1370167081306;1.370167081234E9
1370167081340;1.370167081183E9
1370167081466;1.370167081407E9
1370167081524;1.370167081508E9
1370167081642;1.370167081525E9
1370167081969;1.370167081865E9
1370167082193;1.370167082066E9
1370167082420;1.370167082419E9
1370167082572;1.370167082508E9
1370167082873;1.370167082841E9
1370167083616;1.370167083253E9
1370167083728;1.370167083476E9
1370167083826;1.370167083746E9
1370167083898;1.370167083452E9
1370167084143;1.370167083406E9
1370167084150;1.370167083879E9
1370167084165;1.370167083807E9
1370167084532;1.370167084354E9
1370167084538;1.370167084193E9
1370167084881;1.370167084577E9
1370167084953;1.370167084542E9
1370167085235;1.370167085078E9
1370167085593;1.370167085593E9
1370167085612;1.37016708548E9
1370167085625;1.370167085571E9
1370167085928;1.370167085928E9
1370167086316;1.370167085999E9
1370167086817;1.370167086724E9
1370167086949;1.370167086929E9
1370167086959;1.37016708694E9
1370167087607;1.370167087528E9
1370167087813;1.370167087748E9
1370167087829;1.370167087725E9
1370167088061;1.370167087844E9
1370167088151;1.370167088128E9
1370167088209;1.370167087922E9
1370167088329;1.370167088328E9
1370167088332;1.370167088031E9
1370167088353;1.370167088003E9
1370167088944;1.370167088751E9
1370167089118;1.37016708884E9
1370167089188;1.370167089181E9
1370167089710;1.370167089676E9
1370167089850;1.370167089833E9
1370167090269;1.370167090266E9
1370167090408;1.370167090187E9
1370167090744;1.370167090665E9
1370167091043;1.370167091043E9
1370167091761;1.370167091148E9
1370167091977;1.370167091207E9
1370167092069;1.370167091793E9
1370167092173;1.370167092084E9
1370167092230;1.370167092194E9
1370167092288;1.37016709223E9
1370167092693;1.370167092686E9
1370167093072;1.37016709306E9
1370167093297;1.370167093268E9
1370167093354;1.370167093166E9
1370167093491;1.370167093373E9
1370167093766;1.370167093765E9
1370167093834;1.370167093831E9
1370167094109;1.370167094036E9
1370167094236;1.370167094215E9
1370167094432;1.370167094406E9
1370167094757;1.370167094336E9
1370167094761;1.370167094545E9
1370167095026;1.370167094898E9
1370167095484;1.370167095404E9
1370167095522;1.370167095504E9
1370167095606;1.370167095439E9
1370167095835;1.370167095621E9
1370167095954;1.37016709585E9
1370167095963;1.370167095461E9
1370167095979;1.370167095889E9
1370167096058;1.370167095639E9
1370167096264;1.37016709624E9
1370167096875;1.370167096496E9
1370167097121;1.370167097021E9
1370167097347;1.370167097034E9
1370167097516;1.37016709744E9
1370167097593;1.370167097076E9
1370167097650;1.370167096981E9
1370167097793;1.370167097701E9
1370167097933;1.370167097869E9
1370167098071;1.370167097876E9
1370167098094;1.370167097825E9
1370167098324;1.370167098242E9
1370167098627;1.370167098625E9
1370167098721;1.370167098699E9
1370167098853;1.37016709885E9
1370167099108;1.370167099103E9
1370167099503;1.370167099141E9
1370167099528;1.370167099079E9
1370167099554;1.370167099464E9
1370167099634;1.370167099206E9
1370167100360;1.370167100335E9
1370167100677;1.3701671005E9
1370167100701;1.3701671006E9
1370167100706;1.370167100704E9
1370167101077;1.37016710093E9
1370167101172;1.370167100859E9
1370167101304;1.370167101299E9
1370167101413;1.370167101002E9
1370167101489;1.370167101425E9
1370167101845;1.370167101573E9
1370167101859;1.370167101465E9
1370167102220;1.370167102145E9
1370167102407;1.370167102279E9
1370167102744;1.370167102586E9
1370167102886;1.370167102876E9
1370167103282;1.370167103154E9
1370167103414;1.370167102594E9
1370167103444;1.370167103291E9
1370167103793;1.370167103774E9
1370167103890;1.370167103716E9
1370167103938;1.3701671032E9
1370167104009;1.3701671039E9
1370167104098;1.370167104062E9
1370167104278;1.370167104188E9
1370167104424;1.370167104423E9
1370167104728;1.370167104405E9
1370167104967;1.37016710473E9
1370167105061;1.370167104755E9
1370167105093;1.370167104565E9
1370167105204;1.370167105125E9
1370167105514;1.37016710532E9
1370167105898;1.370167105895E9
1370167106638;1.370167106575E9
1370167107081;1.370167106827E9
1370167107247;1.37016710722E9
1370167107408;1.370167107387E9
1370167107486;1.370167107467E9
1370167108129;1.370167107875E9
1370167108288;1.370167107783E9
1370167108307;1.370167108048E9
1370167108486;1.370167107836E9
1370167108740;1.370167108535E9
1370167108915;1.370167108816E9
1370167109511;1.37016710927E9
1370167110164;1.370167109822E9
1370167110368;1.370167109145E9
1370167110381;1.370167109993E9
1370167110474;1.370167110179E9
1370167110506;1.370167110483E9
1370167110626;1.370167110507E9
1370167110660;1.370167110593E9
1370167110857;1.370167110806E9
1370167110909;1.370167110909E9
1370167111341;1.370167110906E9
1370167111350;1.370167110966E9
1370167111382;1.370167111198E9
1370167111426;1.370167111053E9
1370167112039;1.370167111937E9
1370167112348;1.370167112329E9
1370167112626;1.370167112488E9
1370167112672;1.370167112588E9
1370167112813;1.370167112754E9
1370167112864;1.37016711286E9
1370167113101;1.370167113061E9
1370167113211;1.370167113193E9
1370167113762;1.370167113383E9
1370167114148;1.370167113992E9
1370167114464;1.370167114394E9
1370167114633;1.370167114589E9
1370167114644;1.370167114586E9
1370167114844;1.37016711471E9
1370167115022;1.370167114974E9
1370167115079;1.370167114733E9
1370167115913;1.370167115669E9
1370167115940;1.37016711583E9
1370167115992;1.370167115965E9
1370167116108;1.370167116103E9
1370167116533;1.370167116387E9
1370167117028;1.370167116784E9
1370167117099;1.370167116791E9
1370167117398;1.370167117391E9
1370167118281;1.370167118146E9
1370167118337;1.370167118336E9
1370167118754;1.370167118318E9
1370167118967;1.37016711896E9
1370167118990;1.370167118702E9
1370167119111;1.37016711907E9
1370167119355;1.370167119322E9
1370167119695;1.370167119246E9
1370167119716;1.37016711961E9
1370167119834;1.370167119319E9
1370167119890;1.370167119294E9
1370167120712;1.370167120519E9
1370167120745;1.370167120647E9
1370167121284;1.370167121097E9
1370167121389;1.370167121382E9
1370167122003;1.370167121968E9
1370167122014;1.370167121853E9
1370167122027;1.370167121729E9
1370167122139;1.370167122118E9
1370167122338;1.370167122287E9
1370167122373;1.370167122353E9
1370167122508;1.370167122397E9
1370167122770;1.370167122738E9
1370167122962;1.370167122928E9
1370167123037;1.370167123006E9
1370167123098;1.370167123037E9
1370167123221;1.370167123136E9
1370167123426;1.370167123326E9
1370167123578;1.370167123172E9
1370167124048;1.370167123365E9
1370167124740;1.37016712356E9
1370167124907;1.370167123529E9
1370167124960;1.370167123936E9
1370167125308;1.370167125299E9
1370167125555;1.37016712409E9
1370167125576;1.370167123908E9
1370167125755;1.370167123751E9
1370167125877;1.370167124361E9
1370167126224;1.370167126081E9
1370167126352;1.370167124967E9
1370167126419;1.370167125727E9
1370167126792;1.370167126726E9
1370167126905;1.370167125073E9
1370167127172;1.370167126992E9
1370167127207;1.370167124348E9
1370167127380;1.370167127044E9
1370167127393;1.370167127249E9
1370167127523;1.37016712711E9
1370167127604;1.370167127556E9
1370167127668;1.370167127588E9
1370167128075;1.370167127819E9
1370167128155;1.370167127882E9
1370167128169;1.37016712792E9
1370167128853;1.370167128616E9
1370167128934;1.37016712858E9
1370167128999;1.370167128899E9
1370167129123;1.370167129014E9
1370167129290;1.370167129283E9
1370167129429;1.370167129348E9
1370167129444;1.370167129364E9
1370167129598;1.370167129594E9
1370167129961;1.370167129707E9
1370167130171;1.370167130111E9
1370167130479;1.370167130422E9
1370167130501;1.370167130331E9
1370167130730;1.370167130725E9
1370167130935;1.370167130925E9
1370167131270;1.370167131199E9
1370167131552;1.370167131526E9
1370167131574;1.370167131569E9
1370167131690;1.370167131591E9
1370167132021;1.370167132013E9
1370167132384;1.370167132273E9
1370167132682;1.370167132504E9
1370167132871;1.37016713287E9
1370167132920;1.370167132405E9
1370167132944;1.370167132879E9
1370167133493;1.370167133485E9
1370167133756;1.370167132386E9
1370167133921;1.370167133136E9
1370167133991;1.370167133388E9
1370167134094;1.370167133476E9
1370167134422;1.370167134128E9
1370167134560;1.370167134115E9
1370167134673;1.370167133967E9
1370167134728;1.370167134143E9
1370167134765;1.370167132949E9
1370167135130;1.370167135092E9
1370167135331;1.370167135057E9
1370167135344;1.370167135186E9
1370167135414;1.37016713535E9
1370167135439;1.370167135155E9
1370167135667;1.37016713555E9
1370167135815;1.370167135763E9
1370167135822;1.37016713571E9
1370167136290;1.37016713611E9
1370167136504;1.370167136317E9
1370167136712;1.370167136137E9
1370167136910;1.37016713691E9
1370167136942;1.370167136747E9
1370167137010;1.370167136867E9
1370167137060;1.370167137027E9
1370167137225;1.370167137098E9
1370167137438;1.370167137437E9
1370167137458;1.370167137299E9
1370167137727;1.370167137565E9
1370167137838;1.370167137771E9
1370167137881;1.370167137513E9
1370167138054;1.370167138012E9
1370167138270;1.370167138164E9
1370167138365;1.370167138278E9
1370167138503;1.370167138457E9
1370167138517;1.370167138474E9
1370167139274;1.370167139267E9
1370167139412;1.370167139206E9
1370167139424;1.37016713935E9
1370167139654;1.370167139595E9
1370167140310;1.370167140152E9
1370167140356;1.370167139983E9
1370167140822;1.370167139945E9
1370167140887;1.370167140062E9
1370167141076;1.370167140589E9
1370167141460;1.370167140575E9
1370167141462;1.370167139731E9
1370167141623;1.370167141517E9
1370167142312;1.370167142262E9
1370167142478;1.370167142428E9
1370167142564;1.370167142557E9
1370167143078;1.370167143034E9
1370167143269;1.370167143258E9
1370167143362;1.370167143346E9
1370167143367;1.370167143349E9
1370167143927;1.370167143696E9
1370167144056;1.370167143767E9
1370167144073;1.370167143871E9
1370167144186;1.370167143605E9
1370167144329;1.370167144253E9
1370167144634;1.370167144037E9
1370167144748;1.370167144381E9
1370167145029;1.370167144819E9
1370167145623;1.370167144794E9
1370167145648;1.370167144896E9
1370167146043;1.370167145901E9
1370167146494;1.370167145823E9
1370167146637;1.370167146049E9
1370167147072;1.37016714706E9
1370167147694;1.370167147592E9
1370167148424;1.370167147527E9
1370167148816;1.370167148347E9
1370167148894;1.370167148548E9
1370167149017;1.370167147289E9
1370167149061;1.370167148615E9
1370167149077;1.370167148939E9
1370167149513;1.37016714929E9
1370167149622;1.370167148318E9
1370167149975;1.37016714978E9
1370167150194;1.370167150152E9
1370167150447;1.370167150358E9
1370167150658;1.370167150604E9
1370167150999;1.370167150917E9
1370167151281;1.37016715128E9
1370167151348;1.370167151339E9
1370167151477;1.370167151042E9
1370167151561;1.370167151495E9
1370167151842;1.370167151791E9
1370167151909;1.370167151892E9
1370167151917;1.370167151889E9
1370167151952;1.370167151947E9
1370167152305;1.3701671523E9
1370167152379;1.370167152305E9
1370167152385;1.37016715234E9
1370167152717;1.370167152682E9
1370167152833;1.370167152702E9
1370167152837;1.370167152611E9
1370167152970;1.370167152869E9
1370167153242;1.370167153092E9
1370167153272;1.370167152887E9
1370167153796;1.370167153669E9
1370167153882;1.370167153223E9
1370167153885;1.37016715291E9
1370167153927;1.370167153888E9
1370167154078;1.370167154061E9
1370167154737;1.370167154555E9
1370167154901;1.370167154559E9
1370167154985;1.370167154422E9
1370167155020;1.370167154958E9
1370167155227;1.370167155191E9
1370167155570;1.370167155198E9
1370167155797;1.370167155562E9
1370167155949;1.370167155059E9
1370167156085;1.370167155732E9
1370167156149;1.370167155314E9
1370167156162;1.370167156073E9
1370167156178;1.370167155767E9
1370167156262;1.370167156104E9
1370167156637;1.370167156546E9
1370167156732;1.37016715673E9
1370167156874;1.370167156859E9
1370167157147;1.370167157088E9
1370167157161;1.370167156897E9
1370167157219;1.370167157218E9
1370167157270;1.370167157002E9
1370167157379;1.3701671572E9
1370167157391;1.370167156749E9
1370167157878;1.370167157694E9
1370167158092;1.370167157846E9
1370167158160;1.370167158109E9
1370167158281;1.370167158235E9
1370167158363;1.370167158337E9
1370167158513;1.370167158435E9
1370167158553;1.370167158553E9
1370167158998;1.370167158997E9
1370167159022;1.370167159011E9
1370167159109;1.370167159081E9
1370167159281;1.370167159231E9
1370167160173;1.370167160103E9
1370167160290;1.370167159964E9
1370167160380;1.370167160363E9
1370167160410;1.370167160385E9
1370167160488;1.370167160196E9
1370167160840;1.370167160539E9
1370167160958;1.370167160923E9
1370167161212;1.370167160995E9
1370167161241;1.370167160452E9
1370167161293;1.370167161285E9
1370167161481;1.370167161424E9
1370167162224;1.370167161989E9
1370167162290;1.370167161929E9
1370167162330;1.370167162327E9
1370167162399;1.37016716194E9
1370167162699;1.370167162435E9
1370167162770;1.370167161908E9
1370167163075;1.370167162679E9
1370167163486;1.370167163432E9
1370167163836;1.370167163832E9
1370167164231;1.370167164179E9
1370167164440;1.370167164321E9
1370167164595;1.370167164343E9
1370167164777;1.370167164757E9
1370167165142;1.370167164954E9
1370167165196;1.370167165187E9
1370167165532;1.370167165488E9
1370167165610;1.370167165605E9
1370167165868;1.370167165768E9
1370167166309;1.370167166223E9
1370167166367;1.370167166178E9
1370167166858;1.370167166843E9
1370167166993;1.370167166981E9
1370167167193;1.370167167098E9
1370167167718;1.370167167347E9
1370167167769;1.370167167623E9
1370167167903;1.370167167863E9
1370167167917;1.370167167468E9
1370167168187;1.370167168083E9
1370167168360;1.370167168114E9
1370167168582;1.370167168542E9
1370167168626;1.370167168617E9
1370167168810;1.370167168607E9
1370167168871;1.370167168871E9
1370167169090;1.370167168969E9
1370167169203;1.370167169094E9
1370167169527;1.370167169283E9
1370167169784;1.370167169588E9
1370167169818;1.370167169528E9
1370167169842;1.370167169503E9
1370167169864;1.370167169592E9
1370167170226;1.370167169583E9
1370167170273;1.370167169483E9
1370167170282;1.370167170067E9
1370167170296;1.370167169907E9
1370167170398;1.370167170384E9
1370167170541;1.370167170441E9
1370167170609;1.370167170453E9
1370167170692;1.370167170559E9
1370167170728;1.370167170721E9
1370167171006;1.370167170472E9
1370167171121;1.370167169739E9
1370167171405;1.370167171353E9
1370167171441;1.370167171387E9
1370167171779;1.370167171596E9
1370167171914;1.370167171872E9
1370167172009;1.370167171693E9
1370167172118;1.370167171941E9
1370167172317;1.370167172247E9
1370167172587;1.370167172449E9
1370167173169;1.370167172873E9
1370167173222;1.370167172909E9
1370167173309;1.37016717282E9
1370167173360;1.370167173359E9
1370167173468;1.370167173234E9
1370167173574;1.370167173226E9
1370167173774;1.370167173687E9
1370167174106;1.370167174102E9
1370167174128;1.370167174022E9
1370167174243;1.370167173906E9
1370167174329;1.370167174322E9
1370167174483;1.370167174457E9
1370167174957;1.370167174934E9
1370167175057;1.370167174583E9
1370167175261;1.370167174582E9
1370167175386;1.370167175385E9
1370167175404;1.370167175065E9
1370167175970;1.370167175731E9
1370167176321;1.370167176167E9
1370167176329;1.37016717622E9
1370167176447;1.370167176403E9
1370167176894;1.370167176862E9
1370167177053;1.370167176989E9
1370167177325;1.370167177285E9
1370167178035;1.370167177918E9
1370167178170;1.370167177924E9
1370167178643;1.370167178072E9
1370167178657;1.370167178473E9
1370167179092;1.370167178243E9
1370167179115;1.370167178818E9
1370167179150;1.370167178514E9
1370167179473;1.370167179468E9
1370167180284;1.370167180219E9
1370167180519;1.37016718051E9
1370167180686;1.370167180523E9
1370167181090;1.370167180938E9
1370167181124;1.370167180948E9
1370167181206;1.370167181156E9
1370167181352;1.370167181176E9
1370167181378;1.370167181238E9
1370167181388;1.370167181379E9
1370167181517;1.370167181512E9
1370167181793;1.370167181591E9
1370167181935;1.37016718193E9
1370167181970;1.370167181901E9
1370167182177;1.370167182163E9
1370167182312;1.370167182226E9
1370167182455;1.370167182415E9
1370167182645;1.370167182506E9
1370167182736;1.370167182478E9
1370167183210;1.370167183205E9
1370167183414;1.370167183215E9
1370167183536;1.370167183376E9
1370167183636;1.370167182838E9
1370167183692;1.370167183643E9
1370167183897;1.370167183864E9
1370167184103;1.370167183958E9
1370167184259;1.370167184232E9
1370167184376;1.370167184291E9
1370167184401;1.370167184397E9
1370167184592;1.370167184426E9
1370167184733;1.370167184649E9
1370167184755;1.370167184639E9
1370167184814;1.370167184778E9
1370167185008;1.370167184761E9
1370167185365;1.370167185293E9
1370167185417;1.370167185272E9
1370167185495;1.37016718521E9
1370167185805;1.370167185439E9
1370167186105;1.370167186016E9
1370167186223;1.370167186062E9
1370167186256;1.370167186255E9
1370167186562;1.3701671865E9
1370167187563;1.370167187323E9
1370167188299;1.370167188296E9
1370167188472;1.370167187553E9
1370167188729;1.370167188094E9
1370167188737;1.370167188427E9
1370167188775;1.370167188677E9
1370167188890;1.370167186845E9
1370167188900;1.370167188511E9
1370167189029;1.370167188821E9
1370167189563;1.370167188484E9
1370167189923;1.3701671899E9
1370167190088;1.370167190052E9
1370167190275;1.370167190274E9
1370167190666;1.370167190566E9
1370167190834;1.370167190561E9
1370167190908;1.370167190615E9
1370167191157;1.370167191156E9
1370167191184;1.370167190635E9
1370167191296;1.370167191277E9
1370167191363;1.370167191316E9
1370167191465;1.370167191452E9
1370167191850;1.370167191684E9
1370167191885;1.370167191838E9
1370167192087;1.370167192023E9
1370167192433;1.370167192425E9
1370167192446;1.370167192172E9
1370167192593;1.37016719257E9
1370167192751;1.370167192617E9
1370167193110;1.370167193052E9
1370167193528;1.370167193474E9
1370167193836;1.370167193713E9
1370167193907;1.370167193894E9
1370167194015;1.370167193989E9
1370167194963;1.370167194536E9
1370167195087;1.370167194838E9
1370167195197;1.370167194779E9
1370167195368;1.3701671953E9
1370167195376;1.370167194804E9
1370167195472;1.370167195415E9
1370167195478;1.370167195411E9
1370167195895;1.370167195782E9
1370167195944;1.370167195546E9
1370167195947;1.370167195558E9
1370167196192;1.370167196039E9
1370167196548;1.370167196078E9
1370167196699;1.370167196651E9
1370167196925;1.370167196391E9
1370167196952;1.370167196457E9
1370167197247;1.370167196382E9
1370167197405;1.370167197127E9
1370167197531;1.370167196872E9
1370167197727;1.370167196521E9
1370167198048;1.370167197799E9
1370167198284;1.370167198264E9
1370167198632;1.370167198507E9
1370167198705;1.370167198695E9
1370167198869;1.370167198775E9
1370167199133;1.370167198916E9
1370167199204;1.370167199173E9
1370167200266;1.370167199882E9
1370167200320;1.370167199819E9
1370167200476;1.370167200414E9
1370167200543;1.370167200486E9
1370167200679;1.370167200138E9
1370167200691;1.370167199324E9
1370167200878;1.370167200873E9
1370167201188;1.370167200545E9
1370167201866;1.370167199817E9
1370167202054;1.370167201767E9
1370167202345;1.37016720234E9
1370167202446;1.370167202356E9
1370167202712;1.370167202686E9
1370167202966;1.370167202883E9
1370167203173;1.370167203131E9
1370167203243;1.370167203063E9
1370167203390;1.370167203338E9
1370167203473;1.370167203342E9
1370167203634;1.370167203625E9
1370167204305;1.370167204202E9
1370167204634;1.370167204529E9
1370167204855;1.370167204854E9
1370167204936;1.370167204856E9
1370167205045;1.370167204487E9
1370167205295;1.370167205085E9
1370167205477;1.37016720517E9
1370167205740;1.37016720574E9
1370167205982;1.370167205975E9
1370167206103;1.370167206042E9
1370167206377;1.370167206352E9
1370167206476;1.370167206424E9
1370167206499;1.370167206349E9
1370167206964;1.370167206562E9
1370167207076;1.370167206747E9
1370167207146;1.370167207139E9
1370167207217;1.370167207036E9
1370167207313;1.370167206937E9
1370167207714;1.370167207552E9
1370167207884;1.37016720783E9
1370167207988;1.370167207855E9
1370167208989;1.370167208825E9
1370167209157;1.370167208968E9
1370167209322;1.370167209297E9
1370167209336;1.370167209335E9
1370167209749;1.370167209711E9
1370167209873;1.370167209812E9
1370167210276;1.370167210034E9
1370167210316;1.370167210294E9
1370167210939;1.370167210929E9
1370167211125;1.370167210854E9
1370167211310;1.370167211305E9
1370167211488;1.370167211011E9
1370167211696;1.370167211606E9
1370167211702;1.370167210841E9
1370167211753;1.370167211056E9
1370167212142;1.370167212141E9
1370167212407;1.370167212336E9
1370167212487;1.370167212153E9
1370167212608;1.370167212291E9
1370167212890;1.370167212827E9
1370167213117;1.370167213105E9
1370167213508;1.37016721317E9
1370167213568;1.370167213556E9
1370167213592;1.37016721299E9
1370167213618;1.370167213278E9
1370167213649;1.370167213524E9
1370167214040;1.3701672139E9
1370167214773;1.370167214746E9
1370167214789;1.370167214778E9
1370167215057;1.370167214846E9
1370167215106;1.370167215035E9
1370167215442;1.370167215403E9
1370167215543;1.370167215463E9
1370167215743;1.370167215478E9
1370167215751;1.370167215409E9
1370167216061;1.370167215934E9
1370167216310;1.370167216016E9
1370167216513;1.370167216512E9
1370167216651;1.3701672165E9
1370167216759;1.370167216374E9
1370167216913;1.370167216565E9
1370167217365;1.370167217357E9
1370167217681;1.370167217668E9
1370167218174;1.370167217933E9
1370167218182;1.370167218112E9
1370167218735;1.37016721871E9
1370167218868;1.370167218499E9
1370167218976;1.370167218969E9
1370167218995;1.37016721895E9
1370167219293;1.370167218576E9
1370167219348;1.370167218415E9
1370167219373;1.370167219276E9
1370167219447;1.370167219119E9
1370167219782;1.370167219556E9
1370167219955;1.370167219705E9
1370167219988;1.370167219883E9
1370167220219;1.370167219743E9
1370167220225;1.370167220032E9
1370167220229;1.370167220228E9
1370167220329;1.370167220275E9
1370167220425;1.37016722023E9
1370167220446;1.370167220302E9
1370167220630;1.370167220611E9
1370167220911;1.370167220766E9
1370167220958;1.370167220818E9
1370167221096;1.370167221066E9
1370167221406;1.37016722136E9
1370167221470;1.370167221331E9
1370167221964;1.370167221744E9
1370167222079;1.370167221933E9
1370167222165;1.370167222133E9
1370167222289;1.370167222245E9
1370167222850;1.370167222295E9
1370167222852;1.370167222613E9
1370167222876;1.370167222489E9
1370167223227;1.370167223136E9
1370167223272;1.37016722288E9
1370167223322;1.370167222396E9
1370167223329;1.370167222889E9
1370167223489;1.370167223424E9
1370167223521;1.370167223519E9
1370167223613;1.370167222302E9
1370167223707;1.370167222897E9
1370167223926;1.370167223133E9
1370167223936;1.370167223818E9
1370167224205;1.370167224129E9
1370167224207;1.370167224189E9
1370167224948;1.370167224915E9
1370167225192;1.370167225136E9
1370167225446;1.370167225437E9
1370167225823;1.370167225704E9
1370167226099;1.370167226047E9
1370167226209;1.370167225892E9
1370167226403;1.370167226237E9
1370167226644;1.370167226438E9
1370167226963;1.370167226563E9
1370167227043;1.370167226658E9
1370167227354;1.370167227171E9
1370167227678;1.370167227606E9
1370167227848;1.370167227738E9
1370167227942;1.370167227941E9
1370167228243;1.370167228046E9
1370167228554;1.370167228284E9
1370167228850;1.370167228156E9
1370167229006;1.370167229006E9
1370167229036;1.370167229028E9
1370167229377;1.370167229279E9
1370167229734;1.37016722965E9
1370167230051;1.370167229914E9
1370167230059;1.370167229752E9
1370167230090;1.370167229837E9
1370167230090;1.370167229967E9
1370167230115;1.370167229641E9
1370167230296;1.370167230261E9
1370167230962;1.370167230875E9
1370167231056;1.370167230783E9
1370167231335;1.370167231269E9
1370167231408;1.370167231382E9
1370167231471;1.370167231323E9
1370167231660;1.370167231599E9
1370167231815;1.370167231799E9
1370167232543;1.370167232513E9
1370167232689;1.37016723237E9
1370167232861;1.37016723238E9
1370167233002;1.370167232229E9
1370167233074;1.370167232179E9
1370167233592;1.37016723345E9
1370167233884;1.370167233838E9
1370167234070;1.370167233964E9
1370167234374;1.37016723429E9
1370167234618;1.370167234536E9
1370167234696;1.370167234666E9
1370167235328;1.370167235296E9
1370167235422;1.370167235421E9
1370167235564;1.37016723546E9
1370167235708;1.370167235428E9
1370167235781;1.370167235473E9
1370167236188;1.370167235818E9
1370167236233;1.370167236025E9
1370167236293;1.370167236266E9
1370167236315;1.370167236304E9
1370167236491;1.370167236462E9
1370167236652;1.370167236335E9
1370167236728;1.370167236703E9
1370167236830;1.370167236811E9
1370167236990;1.370167236691E9
1370167237172;1.370167237122E9
1370167237703;1.370167237675E9
1370167237905;1.370167237825E9
1370167238067;1.370167238045E9
1370167238456;1.370167237988E9
1370167238559;1.370167238102E9
1370167238575;1.370167238487E9
1370167239150;1.370167239104E9
1370167239152;1.370167238872E9
1370167239290;1.370167239256E9
1370167239431;1.370167239378E9
1370167239533;1.370167239422E9
1370167239744;1.370167239023E9
1370167239861;1.370167239802E9
1370167239947;1.37016723939E9
1370167240095;1.370167240094E9
1370167240249;1.3701672402E9
1370167240662;1.370167240609E9
1370167241329;1.370167241272E9
1370167241483;1.370167241435E9
1370167241742;1.37016724174E9
1370167241796;1.370167241734E9
1370167241973;1.370167241965E9
1370167242127;1.370167241976E9
1370167242354;1.370167242073E9
1370167242526;1.370167242147E9
1370167242733;1.370167242599E9
1370167243606;1.370167243167E9
1370167243642;1.370167243135E9
1370167244024;1.370167243731E9
1370167244088;1.370167244042E9
1370167244424;1.37016724387E9
1370167244429;1.370167244361E9
1370167244829;1.37016724477E9
1370167245110;1.37016724509E9
1370167245343;1.370167245257E9
1370167245408;1.370167245123E9
1370167245538;1.370167245388E9
1370167245693;1.370167245571E9
1370167245843;1.370167245817E9
1370167246005;1.370167245868E9
1370167246559;1.370167246395E9
1370167246598;1.370167246597E9
1370167246680;1.370167246675E9
1370167246687;1.370167246513E9
1370167246798;1.370167246687E9
1370167246966;1.370167246866E9
1370167246968;1.370167246232E9
1370167247227;1.370167247191E9
1370167247340;1.370167247339E9
1370167247342;1.370167246829E9
1370167247570;1.370167247449E9
1370167247576;1.370167247458E9
1370167247910;1.370167247892E9
1370167248270;1.370167248145E9
1370167248644;1.37016724808E9
1370167248656;1.370167248503E9
1370167248752;1.370167247966E9
1370167248835;1.37016724841E9
1370167248913;1.370167248738E9
1370167249517;1.370167249207E9
1370167249518;1.370167249502E9
1370167249684;1.370167249653E9
1370167249813;1.370167249767E9
1370167249990;1.370167249917E9
1370167250050;1.370167249939E9
1370167250343;1.370167250318E9
1370167250396;1.370167250395E9
1370167250401;1.370167250169E9
1370167250413;1.370167250378E9
1370167250800;1.370167250771E9
1370167250900;1.370167250817E9
1370167251003;1.370167250974E9
1370167251075;1.370167250577E9
1370167251467;1.370167251224E9
1370167251837;1.370167251769E9
1370167252133;1.370167252042E9
1370167252303;1.370167252257E9
1370167253104;1.370167253102E9
1370167253571;1.370167253529E9
1370167253587;1.370167253488E9
1370167253725;1.370167253659E9
1370167253758;1.370167253753E9
1370167253980;1.37016725395E9
1370167254263;1.370167254118E9
1370167254355;1.370167254064E9
1370167254408;1.37016725406E9
1370167254510;1.370167254457E9
1370167254679;1.370167254666E9
1370167254728;1.370167254717E9
1370167255058;1.370167254997E9
1370167255094;1.370167255024E9
1370167255519;1.370167255415E9
1370167255554;1.370167255479E9
1370167255640;1.37016725558E9
1370167255907;1.370167255772E9
1370167256275;1.370167256235E9
1370167256842;1.370167256831E9
1370167256965;1.37016725696E9
1370167257055;1.370167256975E9
1370167257221;1.370167256923E9
1370167257417;1.370167257237E9
1370167257675;1.370167257549E9
1370167257678;1.370167257456E9
1370167257894;1.370167257865E9
1370167257918;1.370167257916E9
1370167257926;1.370167257729E9
1370167257983;1.370167257963E9
1370167258320;1.370167258122E9
1370167258657;1.370167258458E9
1370167258694;1.370167258643E9
1370167258813;1.370167258608E9
1370167258949;1.370167258841E9
1370167259431;1.370167259358E9
1370167259451;1.370167259157E9
1370167259528;1.370167259471E9
1370167259934;1.370167259667E9
1370167259953;1.370167259625E9
1370167260256;1.370167260213E9
1370167260318;1.370167260208E9
1370167260656;1.37016726052E9
1370167261155;1.370167261029E9
1370167261707;1.370167261588E9
1370167262042;1.370167261939E9
1370167262328;1.370167262289E9
1370167263808;1.370167263655E9
1370167264027;1.370167264017E9
1370167264471;1.370167264446E9
1370167264653;1.370167264438E9
1370167264655;1.370167264555E9
1370167264695;1.370167264531E9
1370167264907;1.370167264888E9
1370167265251;1.370167265097E9
1370167265852;1.370167265754E9
1370167266116;1.370167266092E9
1370167266443;1.370167266408E9
1370167266471;1.370167266431E9
1370167266670;1.370167266372E9
1370167267069;1.370167266982E9
1370167267291;1.370167267122E9
1370167267389;1.370167267125E9
1370167267731;1.370167267636E9
1370167267921;1.37016726792E9
1370167268020;1.370167267857E9
1370167268109;1.37016726809E9
1370167268196;1.370167268154E9
1370167269021;1.370167268894E9
1370167269133;1.370167268877E9
1370167269893;1.370167269547E9
1370167270133;1.370167269446E9
1370167270152;1.370167269268E9
1370167270162;1.370167269386E9
1370167270296;1.370167269789E9
1370167270374;1.370167270035E9
1370167270394;1.37016726953E9
1370167270580;1.370167270552E9
1370167270798;1.370167270796E9
1370167270991;1.37016727099E9
1370167271222;1.370167270874E9
1370167271293;1.37016727123E9
1370167271364;1.370167271224E9
1370167271486;1.370167271421E9
1370167271507;1.370167271505E9
1370167271761;1.370167271527E9
1370167271983;1.370167271746E9
1370167272146;1.370167271967E9
1370167272338;1.370167272338E9
1370167272416;1.370167272407E9
1370167272539;1.370167272431E9
1370167272594;1.370167272558E9
1370167272941;1.37016727255E9
1370167272963;1.370167272515E9
1370167272977;1.370167272647E9
1370167273018;1.370167273013E9
1370167273089;1.370167273051E9
1370167273215;1.370167272566E9
1370167273248;1.370167273026E9
1370167273478;1.370167273441E9
1370167273713;1.370167273458E9
1370167273802;1.370167273501E9
1370167274079;1.370167273902E9
1370167274376;1.370167274343E9
1370167274741;1.370167274056E9
1370167274859;1.370167274846E9
1370167274859;1.370167273804E9
1370167275069;1.370167275007E9
1370167275649;1.370167275149E9
1370167275674;1.370167275674E9
1370167275806;1.370167275584E9
1370167275961;1.37016727594E9
1370167276017;1.370167275933E9
1370167276311;1.370167276309E9
1370167276364;1.370167276318E9
1370167276752;1.370167276735E9
1370167276836;1.370167276792E9
1370167276910;1.370167276838E9
1370167276939;1.370167276912E9
1370167277211;1.370167277173E9
1370167277266;1.370167277264E9
1370167277401;1.370167277351E9
1370167277673;1.370167277316E9
1370167278608;1.370167278605E9
1370167278691;1.370167278416E9
1370167278720;1.370167278234E9
1370167278945;1.37016727879E9
1370167279211;1.370167278888E9
1370167279276;1.370167279241E9
1370167279587;1.370167279513E9
1370167279871;1.370167279803E9
1370167280082;1.370167280027E9
1370167280202;1.37016728013E9
1370167280567;1.370167280563E9
1370167280849;1.370167280713E9
1370167281075;1.370167281066E9
1370167281303;1.370167281159E9
1370167281522;1.370167281335E9
1370167281914;1.370167281704E9
1370167282030;1.370167282028E9
1370167282289;1.370167282189E9
1370167282554;1.370167282453E9
1370167282870;1.370167282869E9
1370167283022;1.370167283015E9
1370167283224;1.370167282989E9
1370167283782;1.370167283722E9
1370167284145;1.370167284083E9
1370167284333;1.37016728404E9
1370167284927;1.370167284927E9
1370167285020;1.370167284957E9
1370167285147;1.370167284847E9
1370167285167;1.370167285158E9
1370167285202;1.370167285057E9
1370167285366;1.370167285329E9
1370167285399;1.370167285284E9
1370167285634;1.370167285567E9
1370167285946;1.370167285848E9
1370167286052;1.37016728598E9
1370167286329;1.370167286196E9
1370167286369;1.370167286359E9
1370167286398;1.370167286193E9
1370167286548;1.370167286222E9
1370167286615;1.370167286279E9
1370167287014;1.370167286886E9
1370167287038;1.370167287034E9
1370167287133;1.370167287075E9
1370167287234;1.370167287098E9
1370167288239;1.37016728823E9
1370167288616;1.370167288577E9
1370167288853;1.370167288387E9
1370167289221;1.370167289145E9
1370167289434;1.370167289094E9
1370167289617;1.370167289287E9
1370167289664;1.370167289296E9
1370167290020;1.370167289459E9
1370167290176;1.37016728886E9
1370167290194;1.370167289503E9
1370167290324;1.370167289672E9
1370167290325;1.370167290297E9
1370167290504;1.370167290446E9
1370167290602;1.370167290555E9
1370167290704;1.370167290655E9
1370167290834;1.370167290808E9
1370167291111;1.370167291045E9
1370167291458;1.370167291453E9
1370167292103;1.370167291995E9
1370167292105;1.370167292022E9
1370167292116;1.370167291881E9
1370167292170;1.370167292168E9
1370167292251;1.370167292191E9
1370167292332;1.370167292269E9
1370167292476;1.370167292401E9
1370167292991;1.370167292984E9
1370167293981;1.370167293649E9
1370167294054;1.370167293823E9
1370167294184;1.370167293687E9
1370167294237;1.370167293409E9
1370167294321;1.370167293791E9
1370167294332;1.370167293596E9
1370167294353;1.370167294332E9
1370167294789;1.370167294534E9
1370167294895;1.37016729489E9
1370167295318;1.370167295188E9
1370167295447;1.37016729484E9
1370167296055;1.370167295594E9
1370167296467;1.370167295946E9
1370167296534;1.370167295927E9
1370167296685;1.370167295886E9
1370167296777;1.370167296737E9
1370167296967;1.370167296816E9
1370167297603;1.370167297439E9
1370167297847;1.370167297792E9
1370167297980;1.37016729794E9
1370167298017;1.37016729792E9
1370167298382;1.370167298139E9
1370167298384;1.370167298237E9
1370167298417;1.370167298004E9
1370167298686;1.370167298567E9
1370167298826;1.370167298752E9
1370167299287;1.370167299219E9
1370167299317;1.370167299291E9
1370167299693;1.370167299672E9
1370167299736;1.370167299704E9
1370167299741;1.370167299514E9
1370167300549;1.370167299917E9
1370167300652;1.370167300151E9
1370167301535;1.370167301425E9
1370167301637;1.37016730102E9
1370167301843;1.370167301801E9
1370167301848;1.370167301777E9
1370167301979;1.370167301558E9
1370167302003;1.370167301569E9
1370167302183;1.370167300699E9
1370167302401;1.3701673024E9
1370167302555;1.37016730254E9
1370167302684;1.370167302618E9
1370167303201;1.370167302709E9
1370167303273;1.370167302903E9
1370167303293;1.370167302842E9
1370167303446;1.370167303297E9
1370167303622;1.37016730356E9
1370167303829;1.370167303689E9
1370167303884;1.370167303884E9
1370167304033;1.37016730372E9
1370167304316;1.370167304182E9
1370167304382;1.370167304239E9
1370167304617;1.370167304534E9
1370167305046;1.370167305031E9
1370167305636;1.370167305583E9
1370167306022;1.370167305107E9
1370167306212;1.370167306104E9
1370167306243;1.370167305553E9
1370167306788;1.370167306375E9
1370167306851;1.370167306849E9
1370167306879;1.370167305566E9
1370167306965;1.370167306963E9
1370167307020;1.370167307017E9
1370167307391;1.37016730724E9
1370167307405;1.370167306903E9
1370167307418;1.370167307292E9
1370167307429;1.370167307356E9
1370167308395;1.37016730827E9
1370167308477;1.370167308281E9
1370167308626;1.370167308583E9
1370167308887;1.37016730796E9
1370167308924;1.370167308094E9
1370167309849;1.370167308496E9
1370167310217;1.370167308334E9
1370167310257;1.370167309216E9
1370167310335;1.370167309514E9
1370167310404;1.370167310359E9
1370167310431;1.37016730977E9
1370167310658;1.370167310515E9
1370167311012;1.370167310946E9
1370167311191;1.370167311154E9
1370167312065;1.370167311977E9
1370167312201;1.37016731197E9
1370167312277;1.370167312237E9
1370167312911;1.370167312845E9
1370167312982;1.370167312934E9
1370167313275;1.370167313192E9
1370167313482;1.370167313411E9
1370167313507;1.370167313175E9
1370167313525;1.37016731332E9
1370167313651;1.370167313559E9
1370167313924;1.370167313618E9
1370167314171;1.370167313987E9
1370167314267;1.370167313774E9
1370167314275;1.370167314064E9
1370167314620;1.370167314194E9
1370167315013;1.370167314766E9
1370167315092;1.37016731481E9
1370167315312;1.370167314923E9
1370167315356;1.370167315347E9
1370167315451;1.370167315323E9
1370167316038;1.370167315502E9
1370167316085;1.370167315556E9
1370167316187;1.370167315984E9
1370167316357;1.370167316021E9
1370167316366;1.370167316316E9
1370167316637;1.370167315017E9
1370167316692;1.37016731669E9
1370167316760;1.370167316598E9
1370167316761;1.370167315728E9
1370167316927;1.370167316419E9
1370167316936;1.370167316675E9
1370167316977;1.370167316938E9
1370167317141;1.370167316557E9
1370167317152;1.370167317087E9
1370167317213;1.370167316788E9
1370167317320;1.370167317288E9
1370167317651;1.37016731742E9
1370167318017;1.370167318016E9
1370167318137;1.370167318126E9
1370167318698;1.370167318646E9
1370167318721;1.370167318678E9
1370167318760;1.370167318471E9
1370167318997;1.37016731877E9
1370167319013;1.370167318947E9
1370167319282;1.370167319079E9
1370167319529;1.370167319288E9
1370167319622;1.370167319239E9
1370167320196;1.370167320084E9
1370167320397;1.370167320304E9
1370167320548;1.370167320342E9
1370167320733;1.370167320315E9
1370167320738;1.370167320648E9
1370167320775;1.370167320239E9
1370167320888;1.370167320269E9
1370167321322;1.370167321317E9
1370167321328;1.370167321169E9
1370167321725;1.370167321658E9
1370167322213;1.370167322181E9
1370167322435;1.37016732233E9
1370167322727;1.370167322701E9
1370167322844;1.370167322571E9
1370167322925;1.370167322787E9
1370167323353;1.370167322741E9
1370167323607;1.370167323474E9
1370167323717;1.370167323638E9
1370167323727;1.370167323539E9
1370167323909;1.370167323771E9
1370167324167;1.370167324043E9
1370167324320;1.370167324267E9
1370167324358;1.370167324186E9
1370167324407;1.370167324389E9
1370167324557;1.370167324391E9
1370167324965;1.370167324156E9
1370167325289;1.370167324875E9
1370167325357;1.370167324262E9
1370167325457;1.370167325407E9
1370167325572;1.370167325515E9
1370167325650;1.370167325649E9
1370167325889;1.37016732567E9
1370167326086;1.37016732598E9
1370167326181;1.370167326011E9
1370167326252;1.370167326004E9
1370167326260;1.370167326137E9
1370167326806;1.370167326739E9
1370167326909;1.370167326907E9
1370167327022;1.370167326928E9
1370167327409;1.370167327046E9
1370167327513;1.370167327417E9
1370167327582;1.370167327308E9
1370167327915;1.370167327768E9
1370167328394;1.370167327689E9
1370167328405;1.370167328402E9
1370167328551;1.370167327851E9
1370167328837;1.370167328715E9
1370167329335;1.370167329284E9
1370167329850;1.370167329841E9
1370167329887;1.370167329706E9
1370167330105;1.370167329645E9
1370167330206;1.370167329996E9
1370167330278;1.370167330258E9
1370167330707;1.37016733042E9
1370167330722;1.370167330526E9
1370167330787;1.370167330379E9
1370167330819;1.370167330382E9
1370167330962;1.370167330903E9
1370167330996;1.370167330974E9
1370167331193;1.370167331188E9
1370167331200;1.370167331195E9
1370167331397;1.37016733128E9
1370167331625;1.370167331563E9
1370167332022;1.370167331419E9
1370167332225;1.370167331262E9
1370167332252;1.370167331567E9
1370167332460;1.370167332173E9
1370167332630;1.370167332506E9
1370167332685;1.370167331656E9
1370167332724;1.37016733193E9
1370167332849;1.370167332035E9
1370167333006;1.370167332085E9
1370167333132;1.370167331959E9
1370167333287;1.370167333248E9
1370167333604;1.370167333604E9
1370167333675;1.37016733345E9
1370167334042;1.370167333944E9
1370167334290;1.37016733408E9
1370167334290;1.370167333516E9
1370167334871;1.370167334816E9
1370167335096;1.370167335063E9
1370167336025;1.370167336024E9
1370167336029;1.370167335706E9
1370167336166;1.370167335799E9
1370167336232;1.370167336217E9
1370167336337;1.370167336319E9
1370167336345;1.370167335937E9
1370167336465;1.37016733646E9
1370167336494;1.37016733609E9
1370167336536;1.370167336212E9
1370167336673;1.370167336643E9
1370167336925;1.370167336924E9
1370167337379;1.370167337159E9
1370167337896;1.370167337648E9
1370167338009;1.3701673379E9
1370167338337;1.370167338051E9
1370167338392;1.37016733797E9
1370167338497;1.370167338093E9
1370167338722;1.37016733872E9
1370167338758;1.370167338755E9
1370167339103;1.370167339065E9
1370167339972;1.370167339856E9
1370167340286;1.370167340264E9
1370167340605;1.370167340498E9
1370167340772;1.370167340576E9
1370167340869;1.370167340789E9
1370167341117;1.370167340163E9
1370167341267;1.37016734126E9
1370167341294;1.370167340964E9
1370167341344;1.370167341143E9
1370167341465;1.370167341439E9
1370167341614;1.370167341612E9
1370167341991;1.370167341752E9
1370167342074;1.370167342039E9
1370167342189;1.370167342083E9
1370167342275;1.370167342192E9
1370167342329;1.370167342302E9
1370167342428;1.370167342207E9
1370167342690;1.370167342638E9
1370167342968;1.370167342967E9
1370167343127;1.370167343127E9
1370167343247;1.370167343231E9
1370167343712;1.370167343273E9
1370167343760;1.3701673437E9
1370167344200;1.370167343875E9
1370167344438;1.370167344368E9
1370167344635;1.370167344635E9
1370167344734;1.370167344477E9
1370167344970;1.37016734479E9
1370167345191;1.370167344474E9
1370167345661;1.370167344364E9
1370167346090;1.370167344242E9
1370167346310;1.370167345901E9
1370167346458;1.370167345863E9
1370167346622;1.370167345286E9
1370167346723;1.370167345104E9
1370167346787;1.370167344018E9
1370167347391;1.370167347355E9
1370167347694;1.37016734745E9
1370167347753;1.370167346946E9
1370167347866;1.370167347615E9
1370167348053;1.370167347933E9
1370167348259;1.370167348258E9
1370167348384;1.370167348321E9
1370167348644;1.370167348484E9
1370167348950;1.370167348933E9
1370167349319;1.370167349126E9
1370167349416;1.370167349112E9
1370167349629;1.370167349619E9
1370167350085;1.370167349988E9
1370167350089;1.370167349959E9
1370167350335;1.370167350288E9
1370167350408;1.370167350346E9
1370167350431;1.370167350389E9
1370167350521;1.370167350498E9
1370167350694;1.370167350622E9
1370167351833;1.370167351832E9
1370167351835;1.370167351751E9
1370167351908;1.37016735182E9
1370167352166;1.370167351967E9
1370167352233;1.370167352149E9
1370167352631;1.3701673526E9
1370167352904;1.37016735287E9
1370167352958;1.370167352933E9
1370167352999;1.370167352907E9
1370167353279;1.370167353228E9
1370167354214;1.370167354193E9
1370167354301;1.370167354273E9
1370167354402;1.370167354309E9
1370167354845;1.370167354843E9
1370167354864;1.37016735475E9
1370167355129;1.370167355099E9
1370167355256;1.370167355202E9
1370167355777;1.370167355591E9
1370167355830;1.370167355805E9
1370167356722;1.370167356261E9
1370167356742;1.370167356455E9
1370167356764;1.370167356457E9
1370167356895;1.370167356227E9
1370167357018;1.370167355493E9
1370167357194;1.370167356063E9
1370167357709;1.370167357077E9
1370167357771;1.370167357082E9
1370167357945;1.370167357144E9
1370167358008;1.370167358008E9
1370167358295;1.370167358112E9
1370167358313;1.370167358089E9
1370167358348;1.370167358209E9
1370167358385;1.370167358124E9
1370167358404;1.370167358368E9
1370167358536;1.370167358528E9
1370167358637;1.370167358593E9
1370167358701;1.370167358475E9
1370167358742;1.370167358737E9
1370167359021;1.370167358772E9
1370167359279;1.370167359243E9
1370167359778;1.370167359008E9
1370167359829;1.370167359809E9
1370167360171;1.37016735999E9
1370167360269;1.370167360208E9
1370167360450;1.370167360378E9
1370167360686;1.370167360684E9
1370167360687;1.370167360347E9
1370167360926;1.370167360435E9
1370167361059;1.370167361013E9
1370167361156;1.370167361151E9
1370167361304;1.370167361304E9
1370167361352;1.370167360599E9
1370167361372;1.370167361192E9
1370167361745;1.370167361618E9
1370167361921;1.370167361719E9
1370167361988;1.370167361986E9
1370167362075;1.370167362066E9
1370167362181;1.370167362001E9
1370167362234;1.37016736201E9
1370167362292;1.37016736212E9
1370167362378;1.370167362034E9
1370167362450;1.370167362255E9
1370167362688;1.370167362477E9
1370167362853;1.370167362848E9
1370167362954;1.370167362782E9
1370167362980;1.370167362877E9
1370167363714;1.370167363466E9
1370167364033;1.370167363972E9
1370167364240;1.370167363886E9
1370167364330;1.37016736431E9
1370167364800;1.370167364554E9
1370167364915;1.370167364713E9
1370167365443;1.37016736541E9
1370167365447;1.370167365445E9
1370167365519;1.370167365272E9
1370167365697;1.370167365582E9
1370167365807;1.3701673656E9
1370167365911;1.370167365859E9
1370167366299;1.370167366214E9
1370167366770;1.370167366233E9
1370167366919;1.370167366091E9
1370167367012;1.370167366358E9
1370167367113;1.370167366938E9
1370167367138;1.370167366905E9
1370167367343;1.370167367236E9
1370167367536;1.370167367476E9
1370167368200;1.370167368168E9
1370167368331;1.370167368322E9
1370167368567;1.370167368499E9
1370167368854;1.370167368706E9
1370167369056;1.370167368939E9
1370167369137;1.370167368767E9
1370167369338;1.370167368933E9
1370167369479;1.37016736942E9
1370167369533;1.37016736944E9
1370167369872;1.370167369661E9
1370167369941;1.370167369936E9
1370167369986;1.370167369826E9
1370167370050;1.370167370014E9
1370167370451;1.370167370446E9
1370167370599;1.37016737037E9
1370167370638;1.370167370482E9
1370167370834;1.37016737083E9
1370167370886;1.370167370181E9
1370167370941;1.370167370923E9
1370167371177;1.370167371172E9
1370167371368;1.370167371123E9
1370167371485;1.370167371485E9
1370167371493;1.370167371274E9
1370167371697;1.370167371504E9
1370167371753;1.370167371463E9
1370167372047;1.370167372017E9
1370167372803;1.370167372659E9
1370167372825;1.370167372749E9
1370167373178;1.370167373109E9
1370167373297;1.370167373147E9
1370167373512;1.370167373511E9
1370167373700;1.370167373698E9
1370167374253;1.37016737425E9
1370167374295;1.370167374131E9
1370167374309;1.370167374128E9
1370167374653;1.370167374343E9
1370167374993;1.370167374917E9
1370167375306;1.370167375281E9
1370167375864;1.370167375754E9
1370167376101;1.370167375899E9
1370167376289;1.370167375778E9
1370167376843;1.37016737631E9
1370167376866;1.370167376731E9
1370167376868;1.370167375848E9
1370167376872;1.370167376614E9
1370167376938;1.370167376454E9
1370167377042;1.370167376702E9
1370167377214;1.370167376162E9
1370167377535;1.370167377391E9
1370167377804;1.370167377713E9
1370167377977;1.370167377645E9
1370167378107;1.370167377885E9
1370167378421;1.370167378307E9
1370167378459;1.37016737844E9
1370167378610;1.3701673785E9
1370167378617;1.370167377855E9
1370167378878;1.370167378817E9
1370167379360;1.370167379201E9
1370167379625;1.370167379183E9
1370167380562;1.370167380412E9
1370167380969;1.370167380852E9
1370167381493;1.370167381115E9
1370167381526;1.370167381373E9
1370167381527;1.370167381499E9
1370167382282;1.370167382051E9
1370167382442;1.370167382421E9
1370167382684;1.370167381923E9
1370167382684;1.370167382012E9
1370167382722;1.370167382578E9
1370167382826;1.37016738259E9
1370167382990;1.370167382796E9
1370167383377;1.370167383272E9
1370167383621;1.370167383006E9
1370167383631;1.37016738344E9
1370167383718;1.370167383253E9
1370167383816;1.370167383669E9
1370167383891;1.370167383774E9
1370167384538;1.370167384535E9
1370167384574;1.37016738426E9
1370167384588;1.370167384402E9
1370167384588;1.370167384314E9
1370167384842;1.370167384797E9
1370167385054;1.37016738474E9
1370167385145;1.370167384709E9
1370167385194;1.370167385161E9
1370167385562;1.370167385456E9
1370167385598;1.370167385598E9
1370167385963;1.370167385818E9
1370167386044;1.370167385947E9
1370167386424;1.370167386121E9
1370167386730;1.370167386551E9
1370167386744;1.370167386657E9
1370167387199;1.370167387125E9
1370167387419;1.370167387394E9
1370167387596;1.370167387573E9
1370167387629;1.370167387399E9
1370167387808;1.370167387771E9
1370167388010;1.370167387847E9
1370167388112;1.370167387814E9
1370167388336;1.370167388206E9
1370167388414;1.370167388171E9
1370167388445;1.370167387816E9
1370167388779;1.370167387772E9
1370167388926;1.370167388926E9
1370167389069;1.370167389067E9
1370167389384;1.370167389086E9
1370167389535;1.370167389448E9
1370167389716;1.37016738958E9
1370167389943;1.370167389829E9
1370167389969;1.370167389887E9
1370167390526;1.370167390152E9
1370167390537;1.370167390401E9
1370167390646;1.370167390632E9
1370167390674;1.370167389558E9
1370167390895;1.370167390851E9
1370167391122;1.37016739095E9
1370167391314;1.37016739126E9
1370167391371;1.370167390973E9
1370167392061;1.370167391878E9
1370167392634;1.370167392571E9
1370167392694;1.370167392679E9
1370167392772;1.370167392702E9
1370167393079;1.370167392865E9
1370167393231;1.370167393169E9
1370167393235;1.370167393101E9
1370167393271;1.370167393058E9
1370167393558;1.370167393258E9
1370167393735;1.370167393718E9
1370167394149;1.370167393908E9
1370167394247;1.370167393669E9
1370167394303;1.370167393721E9
1370167394563;1.370167393938E9
1370167394814;1.37016739463E9
1370167394967;1.370167394916E9
1370167395407;1.37016739536E9
1370167395725;1.370167395671E9
1370167395789;1.370167395787E9
1370167395832;1.370167395638E9
1370167396307;1.370167396241E9
1370167396461;1.370167396461E9
1370167396501;1.370167396421E9
1370167396809;1.37016739656E9
1370167397161;1.370167397142E9
1370167397512;1.370167397403E9
1370167398208;1.370167397527E9
1370167398215;1.370167398092E9
1370167398348;1.370167398276E9
1370167398579;1.370167398483E9
1370167398811;1.37016739881E9
1370167398864;1.370167398272E9
1370167398995;1.370167397275E9
1370167399229;1.370167398614E9
1370167399441;1.370167399361E9
1370167399488;1.370167399449E9
1370167399568;1.370167399468E9
1370167399711;1.370167399596E9
1370167399730;1.370167399506E9
1370167399747;1.370167399739E9
1370167400394;1.370167399944E9
1370167400561;1.370167399398E9
1370167401012;1.37016740055E9
1370167401310;1.370167400145E9
1370167402238;1.370167402213E9
1370167402249;1.370167401745E9
1370167402492;1.370167402266E9
1370167402734;1.370167402668E9
1370167402768;1.370167401895E9
1370167402780;1.37016740253E9
1370167402948;1.370167402406E9
1370167403019;1.37016740266E9
1370167403092;1.370167403087E9
1370167403110;1.370167403049E9
1370167403341;1.37016740322E9
1370167403393;1.370167403212E9
1370167403520;1.37016740352E9
1370167403731;1.37016740348E9
1370167403757;1.370167403412E9
1370167403963;1.370167403799E9
1370167404672;1.370167404667E9
1370167405100;1.370167405063E9
1370167405359;1.370167405263E9
1370167405480;1.370167405478E9
1370167405646;1.370167405525E9
1370167406329;1.370167406119E9
1370167406352;1.370167406025E9
1370167406385;1.370167406262E9
1370167406564;1.37016740646E9
1370167406897;1.37016740583E9
1370167406978;1.370167406823E9
1370167407016;1.370167406058E9
1370167407411;1.37016740677E9
1370167407433;1.370167407237E9
1370167407632;1.370167407344E9
1370167408042;1.370167407607E9
1370167408182;1.370167407875E9
1370167408280;1.370167407539E9
1370167408449;1.370167406801E9
1370167408671;1.370167407551E9
1370167408773;1.370167407786E9
1370167408844;1.370167408761E9
1370167408907;1.37016740845E9
1370167408997;1.370167408951E9
1370167408997;1.370167408972E9
1370167409280;1.370167409186E9
1370167409511;1.370167409473E9
1370167409744;1.370167409645E9
1370167409780;1.370167409696E9
1370167410183;1.370167410148E9
1370167410205;1.370167410154E9
1370167410249;1.370167409912E9
1370167410529;1.370167410346E9
1370167410991;1.370167410954E9
1370167411063;1.370167411053E9
1370167411097;1.370167411075E9
1370167411275;1.370167411253E9
1370167411317;1.370167411242E9
1370167412062;1.370167412017E9
1370167412089;1.370167411999E9
1370167412304;1.370167412239E9
1370167412356;1.370167412241E9
1370167412438;1.37016741243E9
1370167412520;1.370167412277E9
1370167412704;1.370167412679E9
1370167412977;1.370167412928E9
1370167413447;1.370167413365E9
1370167413850;1.370167413804E9
1370167413862;1.370167413841E9
1370167414478;1.370167414198E9
1370167414488;1.370167414351E9
1370167414891;1.370167414748E9
1370167414917;1.37016741479E9
1370167414939;1.370167414895E9
1370167415256;1.370167414677E9
1370167415312;1.370167414899E9
1370167415367;1.3701674153E9
1370167415510;1.370167415492E9
1370167416019;1.370167415946E9
1370167416212;1.370167416028E9
1370167416354;1.370167416151E9
1370167416425;1.370167416281E9
1370167416487;1.370167416482E9
1370167416610;1.370167416575E9
1370167416824;1.370167416822E9
1370167417427;1.370167417357E9
1370167418005;1.37016741791E9
1370167418168;1.370167417672E9
1370167418444;1.370167418381E9
1370167418568;1.370167418146E9
1370167418678;1.370167418337E9
1370167418963;1.370167418865E9
1370167419018;1.370167419014E9
1370167419280;1.370167419018E9
1370167419510;1.370167419105E9
1370167419606;1.370167419201E9
1370167419731;1.370167419719E9
1370167420077;1.370167419941E9
1370167420119;1.370167420021E9
1370167420408;1.370167420175E9
1370167420532;1.370167420464E9
1370167420564;1.370167420284E9
1370167420685;1.370167420649E9
1370167420779;1.37016742057E9
1370167420787;1.370167420137E9
1370167420878;1.370167420803E9
1370167421094;1.370167420978E9
1370167421224;1.370167421002E9
1370167421477;1.370167421229E9
1370167421652;1.370167421392E9
1370167421760;1.370167421356E9
1370167422125;1.370167421674E9
1370167422126;1.370167422111E9
1370167422163;1.370167422162E9
1370167422179;1.37016742193E9
1370167422254;1.370167422217E9
1370167422476;1.370167422347E9
1370167422525;1.370167422441E9
1370167422710;1.370167422187E9
1370167422816;1.370167422544E9
1370167422885;1.370167422656E9
1370167422898;1.370167422433E9
1370167423008;1.370167422913E9
1370167423009;1.370167422968E9
1370167423352;1.370167423235E9
1370167423361;1.370167423049E9
1370167423474;1.370167423284E9
1370167423503;1.370167423246E9
1370167424091;1.370167424081E9
1370167424105;1.370167424105E9
1370167424570;1.370167424529E9
1370167424910;1.370167424892E9
1370167425115;1.370167425049E9
1370167425653;1.370167425652E9
1370167425979;1.370167425868E9
1370167426236;1.370167426191E9
1370167426331;1.370167426286E9
1370167426341;1.370167426303E9
1370167426460;1.370167426393E9
1370167426630;1.370167426585E9
1370167426889;1.37016742664E9
1370167426935;1.370167426922E9
1370167427495;1.370167427353E9
1370167427748;1.37016742764E9
1370167427761;1.370167427504E9
1370167428369;1.370167428368E9
1370167428395;1.370167428326E9
1370167428424;1.370167428026E9
1370167428443;1.370167428408E9
1370167428524;1.370167428514E9
1370167428561;1.370167428537E9
1370167428652;1.370167428569E9
1370167429298;1.370167428868E9
1370167429468;1.370167428996E9
1370167429483;1.370167429203E9
1370167429733;1.370167429437E9
1370167430327;1.370167430318E9
1370167430468;1.370167430275E9
1370167430473;1.37016743021E9
1370167430545;1.370167430483E9
1370167430775;1.370167430556E9
1370167431012;1.370167430915E9
1370167431151;1.370167431128E9
1370167431566;1.370167430859E9
1370167431585;1.370167431094E9
1370167431627;1.370167431191E9
1370167431688;1.370167431678E9
1370167432062;1.370167431976E9
1370167432357;1.370167432238E9
1370167432420;1.37016743239E9
1370167432433;1.370167431878E9
1370167432564;1.370167432156E9
1370167432702;1.370167432489E9
1370167432994;1.370167432944E9
1370167433055;1.370167433045E9
1370167433097;1.370167433082E9
1370167433541;1.370167433412E9
1370167433777;1.370167433594E9
1370167433800;1.370167433565E9
1370167433903;1.370167433859E9
1370167433964;1.370167433959E9
1370167434161;1.370167433973E9
1370167434317;1.370167434288E9
1370167434637;1.370167434637E9
1370167434638;1.370167434479E9
1370167434728;1.370167434609E9
1370167434829;1.370167434829E9
1370167434832;1.370167434564E9
1370167435155;1.370167435058E9
1370167435675;1.370167435655E9
1370167436100;1.370167436037E9
1370167436183;1.370167435901E9
1370167436461;1.370167436308E9
1370167436719;1.370167435614E9
1370167437098;1.370167436496E9
1370167437285;1.370167436931E9
1370167437362;1.370167437265E9
1370167437391;1.370167437349E9
1370167437663;1.370167437597E9
1370167437742;1.370167437665E9
1370167437921;1.370167437809E9
1370167438059;1.370167437866E9
1370167438085;1.370167438076E9
1370167438117;1.370167438004E9
1370167438119;1.370167438011E9
1370167438352;1.370167438228E9
1370167438434;1.370167438353E9
1370167438447;1.370167438206E9
1370167438670;1.370167438669E9
1370167438770;1.370167438769E9
1370167439458;1.37016743924E9
1370167439684;1.370167439386E9
1370167440464;1.370167439377E9
1370167440631;1.370167440528E9
1370167440646;1.370167440201E9
1370167440741;1.370167440316E9
1370167440883;1.37016743985E9
1370167441044;1.370167440475E9
1370167441163;1.37016744087E9
1370167441174;1.370167440024E9
1370167441331;1.370167441244E9
1370167441447;1.370167441258E9
1370167441452;1.370167439932E9
1370167441481;1.370167441361E9
1370167441524;1.370167441313E9
1370167441630;1.37016744147E9
1370167441978;1.370167441958E9
1370167442069;1.370167441922E9
1370167442187;1.370167441706E9
1370167442335;1.370167441142E9
1370167442838;1.370167442762E9
1370167442838;1.370167442618E9
1370167443224;1.370167443131E9
1370167443433;1.370167443345E9
1370167443443;1.370167443E9
1370167443499;1.370167443367E9
1370167443788;1.370167443686E9
1370167443982;1.370167443793E9
1370167444076;1.370167443691E9
1370167444151;1.370167443916E9
1370167444791;1.370167444302E9
1370167444941;1.370167444902E9
1370167445332;1.370167445096E9
1370167445595;1.370167445541E9
1370167445896;1.370167445731E9
1370167446146;1.370167446131E9
1370167446179;1.370167445789E9
1370167446454;1.370167446449E9
1370167446591;1.370167446523E9
1370167446804;1.370167446554E9
1370167447034;1.370167447029E9
1370167447108;1.370167447077E9
1370167447253;1.370167447194E9
1370167447383;1.370167447302E9
1370167447791;1.370167447779E9
1370167447944;1.370167447862E9
1370167448112;1.370167448086E9
1370167448116;1.370167447955E9
1370167448211;1.37016744821E9
1370167448461;1.3701674484E9
1370167448867;1.370167448821E9
1370167448977;1.370167448976E9
1370167448991;1.370167448924E9
1370167449087;1.370167449026E9
1370167449922;1.370167449561E9
1370167450377;1.370167450217E9
1370167450472;1.370167450301E9
1370167450671;1.370167449982E9
1370167450796;1.3701674496E9
1370167450950;1.370167450577E9
1370167451042;1.370167450975E9
1370167451573;1.37016745155E9
1370167451732;1.370167451692E9
1370167451866;1.37016745181E9
1370167452356;1.370167451884E9
1370167452803;1.370167452595E9
1370167452993;1.370167452911E9
1370167453480;1.370167453358E9
1370167453945;1.370167453917E9
1370167454022;1.37016745395E9
1370167454114;1.37016745383E9
1370167454249;1.370167454195E9
1370167454318;1.370167454311E9
1370167454572;1.370167454375E9
1370167454738;1.370167454669E9
1370167454802;1.37016745439E9
1370167455217;1.370167455195E9
1370167455711;1.370167455683E9
1370167456195;1.370167455894E9
1370167456241;1.370167455983E9
1370167456606;1.370167455799E9
1370167456841;1.370167456614E9
1370167457121;1.370167457116E9
1370167457122;1.370167456404E9
1370167457349;1.37016745664E9
1370167457384;1.370167455794E9
1370167457414;1.370167457304E9
1370167457497;1.370167457419E9
1370167457551;1.370167457544E9
1370167457751;1.370167457669E9
1370167458934;1.370167458826E9
1370167459215;1.370167458949E9
1370167459391;1.370167459371E9
1370167459554;1.370167459307E9
1370167459696;1.370167459441E9
1370167459717;1.370167459522E9
1370167459846;1.370167459841E9
1370167459856;1.370167459763E9
1370167460408;1.370167459869E9
1370167460518;1.370167460113E9
1370167460558;1.370167460278E9
1370167460601;1.37016746017E9
1370167461343;1.370167461298E9
1370167461563;1.370167461485E9
1370167461767;1.370167460856E9
1370167462040;1.370167461833E9
1370167462073;1.370167461984E9
1370167462139;1.370167462137E9
1370167462717;1.370167462606E9
1370167462822;1.370167462737E9
1370167462953;1.37016746284E9
1370167463057;1.370167463011E9
1370167463081;1.370167462695E9
1370167463406;1.370167463371E9
1370167463443;1.370167463217E9
1370167463526;1.370167463307E9
1370167463621;1.370167463575E9
1370167463657;1.370167463133E9
1370167463755;1.370167463726E9
1370167464689;1.370167464642E9
1370167464747;1.370167464701E9
1370167464845;1.370167464802E9
1370167464976;1.37016746496E9
1370167465038;1.370167464935E9
1370167465238;1.370167465132E9
1370167465743;1.37016746574E9
1370167465992;1.370167465818E9
1370167466315;1.370167465621E9
1370167466667;1.370167465652E9
1370167466770;1.370167466556E9
1370167466869;1.370167466626E9
1370167466934;1.370167466577E9
1370167466981;1.370167466755E9
1370167467382;1.370167467367E9
1370167467636;1.370167467454E9
1370167467769;1.370167467643E9
1370167467895;1.370167467886E9
1370167468062;1.370167468034E9
1370167468088;1.37016746799E9
1370167468337;1.370167468137E9
1370167468520;1.370167468378E9
1370167468583;1.370167468446E9
1370167468902;1.370167468863E9
1370167469190;1.370167469182E9
1370167469361;1.370167469344E9
1370167469439;1.370167469262E9
1370167469647;1.370167469268E9
1370167470167;1.370167469807E9
1370167470172;1.370167469881E9
1370167470198;1.3701674699E9
1370167470304;1.370167470088E9
1370167470354;1.370167469721E9
1370167470488;1.370167470438E9
1370167470572;1.370167470231E9
1370167470682;1.370167470655E9
1370167470907;1.370167470906E9
1370167471061;1.370167470801E9
1370167471083;1.370167470825E9
1370167471222;1.370167471199E9
1370167471388;1.370167471384E9
1370167472630;1.37016747219E9
1370167472758;1.370167471977E9
1370167472990;1.370167472902E9
1370167473256;1.370167472316E9
1370167473548;1.370167472235E9
1370167473589;1.370167473519E9
1370167473668;1.370167472309E9
1370167473843;1.370167473676E9
1370167473858;1.370167473689E9
1370167474277;1.370167474234E9
1370167474484;1.370167473999E9
1370167474569;1.370167473867E9
1370167474601;1.370167474198E9
1370167475138;1.370167473862E9
1370167475367;1.370167474876E9
1370167475456;1.370167474862E9
1370167475696;1.370167475689E9
1370167475723;1.370167475679E9
1370167476263;1.370167476243E9
1370167476311;1.3701674762E9
1370167476426;1.370167476179E9
1370167476452;1.370167476348E9
1370167477047;1.370167476979E9
1370167477308;1.370167477171E9
1370167478103;1.370167477962E9
1370167478430;1.370167478345E9
1370167478480;1.370167478374E9
1370167479063;1.370167478604E9
1370167479269;1.370167478719E9
1370167479784;1.370167479525E9
1370167479856;1.370167479797E9
1370167479972;1.370167479961E9
1370167480362;1.370167480355E9
1370167480724;1.370167480624E9
1370167480808;1.370167480597E9
1370167480830;1.370167480652E9
1370167480892;1.370167480852E9
1370167481619;1.370167481164E9
1370167481926;1.370167481533E9
1370167482260;1.370167480904E9
1370167482374;1.3701674806E9
1370167482705;1.370167481599E9
1370167482857;1.370167480967E9
1370167482863;1.370167482413E9
1370167483069;1.370167482351E9
1370167483114;1.370167482931E9
1370167483506;1.370167483407E9
1370167483954;1.370167483892E9
1370167484192;1.370167484126E9
1370167484242;1.370167484182E9
1370167484262;1.370167484102E9
1370167484460;1.370167484233E9
1370167485002;1.370167484263E9
1370167485322;1.370167485008E9
1370167485912;1.37016748577E9
1370167486200;1.3701674862E9
1370167486227;1.370167486125E9
1370167486601;1.370167486499E9
1370167486741;1.370167486675E9
1370167486899;1.370167486898E9
1370167487014;1.370167486973E9
1370167487110;1.370167487084E9
1370167487309;1.370167487163E9
1370167487384;1.370167487228E9
1370167487656;1.370167487654E9
1370167487688;1.370167487076E9
1370167487771;1.370167487768E9
1370167487893;1.370167487484E9
1370167488156;1.370167488047E9
1370167488227;1.370167488217E9
1370167488412;1.370167488363E9
1370167488687;1.370167488422E9
1370167489203;1.370167489122E9
1370167489312;1.370167489229E9
1370167489419;1.370167489231E9
1370167489530;1.37016748946E9
1370167489582;1.370167489581E9
1370167489775;1.370167489734E9
1370167490024;1.37016748996E9
1370167490283;1.370167490212E9
1370167490461;1.370167490328E9
1370167490594;1.370167490335E9
1370167490715;1.370167490597E9
1370167490834;1.370167490643E9
1370167490918;1.370167490849E9
1370167491010;1.370167491007E9
1370167491320;1.370167491315E9
1370167491433;1.37016749133E9
1370167491666;1.370167491635E9
1370167491751;1.370167491602E9
1370167491829;1.370167491818E9
1370167492050;1.370167492003E9
1370167492145;1.370167491771E9
1370167492637;1.370167492578E9
1370167493206;1.370167493205E9
1370167493222;1.370167493098E9
1370167494253;1.370167494206E9
1370167494787;1.370167494761E9
1370167494872;1.370167494808E9
1370167495346;1.370167495204E9
1370167495377;1.370167495347E9
1370167495790;1.37016749576E9
1370167495815;1.37016749579E9
1370167495833;1.370167495744E9
1370167496886;1.370167496109E9
1370167497278;1.370167496273E9
1370167497586;1.370167497004E9
1370167497673;1.370167496121E9
1370167497744;1.370167496425E9
1370167498000;1.370167497934E9
1370167498152;1.370167497387E9
1370167498252;1.370167498206E9
1370167498360;1.37016749835E9
1370167498383;1.370167496009E9
1370167498437;1.370167498422E9
1370167498525;1.370167498459E9
1370167498685;1.370167498683E9
1370167499077;1.370167498837E9
1370167499178;1.370167499099E9
1370167499306;1.370167499278E9
1370167500190;1.370167499895E9
1370167500307;1.37016750026E9
1370167500384;1.3701675E9
1370167500834;1.37016750078E9
1370167501204;1.370167500835E9
1370167501217;1.370167500964E9
1370167501313;1.370167501103E9
1370167501749;1.370167501744E9
1370167502150;1.370167502101E9
1370167502538;1.370167502395E9
1370167503575;1.370167503572E9
1370167503890;1.370167503243E9
1370167503941;1.370167503516E9
1370167504106;1.370167503738E9
1370167504124;1.37016750368E9
1370167504157;1.370167503857E9
1370167504240;1.370167503976E9
1370167504333;1.370167503984E9
1370167504744;1.370167504307E9
1370167504839;1.370167503419E9
1370167504901;1.370167504357E9
1370167505143;1.370167504709E9
1370167505152;1.370167504966E9
1370167505352;1.37016750522E9
1370167505470;1.370167505456E9
1370167505742;1.370167505549E9
1370167505759;1.370167505758E9
1370167505789;1.370167505716E9
1370167506036;1.370167506005E9
1370167506342;1.370167506339E9
1370167506374;1.370167506314E9
1370167506498;1.370167506493E9
1370167506652;1.370167505729E9
1370167506696;1.37016750668E9
1370167506860;1.370167506834E9
1370167506916;1.370167506908E9
1370167506958;1.370167506924E9
1370167507728;1.370167507594E9
1370167508003;1.370167507798E9
1370167508012;1.370167508005E9
1370167508129;1.370167508118E9
1370167508235;1.370167508182E9
1370167508316;1.370167508142E9
1370167508662;1.370167508627E9
1370167508861;1.370167508785E9
1370167509155;1.370167509044E9
1370167509188;1.370167509172E9
1370167509378;1.370167509251E9
1370167509451;1.37016750945E9
1370167509507;1.370167509461E9
1370167509952;1.370167509828E9
1370167510380;1.370167510364E9
1370167510466;1.370167510444E9
1370167510838;1.370167510453E9
1370167510843;1.370167510679E9
1370167510918;1.370167510604E9
1370167511155;1.370167511151E9
1370167511276;1.370167511212E9
1370167511413;1.370167511393E9
1370167511478;1.370167511421E9
1370167511565;1.370167511564E9
1370167511607;1.370167511492E9
1370167511859;1.37016751161E9
1370167511860;1.370167511399E9
1370167512323;1.370167512318E9
1370167512327;1.370167511567E9
1370167512765;1.370167512655E9
1370167513043;1.37016751271E9
1370167513119;1.370167513118E9
1370167513328;1.370167513022E9
1370167513336;1.370167513204E9
1370167513357;1.370167512223E9
1370167513410;1.37016751337E9
1370167513563;1.370167513538E9
1370167513656;1.370167513594E9
1370167514503;1.370167514493E9
1370167514639;1.370167514622E9
1370167514951;1.370167514934E9
1370167515131;1.370167515046E9
1370167515334;1.370167514989E9
1370167515384;1.370167515071E9
1370167515392;1.370167515245E9
1370167515544;1.370167515539E9
1370167515710;1.370167515649E9
1370167516010;1.370167515849E9
1370167516262;1.37016751616E9
1370167516467;1.370167516344E9
1370167516529;1.370167516324E9
1370167516745;1.370167516743E9
1370167516801;1.370167516604E9
1370167516979;1.370167516922E9
1370167517163;1.370167516584E9
1370167517651;1.370167517401E9
1370167517675;1.370167517659E9
1370167518005;1.370167517899E9
1370167518232;1.370167517844E9
1370167518277;1.370167517936E9
1370167518540;1.370167518309E9
1370167518798;1.370167518052E9
1370167519201;1.370167519061E9
1370167519525;1.370167518886E9
1370167519617;1.370167518929E9
1370167519675;1.370167519102E9
1370167520450;1.37016752032E9
1370167520766;1.37016752054E9
1370167520861;1.370167520165E9
1370167520967;1.370167520932E9
1370167521119;1.370167521097E9
1370167521692;1.370167521638E9
1370167522140;1.370167522021E9
1370167522182;1.370167522097E9
1370167522249;1.370167521837E9
1370167522593;1.370167522049E9
1370167522720;1.370167521907E9
1370167523427;1.370167523322E9
1370167523459;1.370167523413E9
1370167523493;1.370167523468E9
1370167523578;1.370167523435E9
1370167523692;1.370167523672E9
1370167523855;1.370167523846E9
1370167523961;1.370167523875E9
1370167524049;1.370167523599E9
1370167524636;1.370167524432E9
1370167524657;1.370167524437E9
1370167524786;1.370167524781E9
1370167524939;1.370167524883E9
1370167524943;1.370167524895E9
1370167525151;1.370167525092E9
1370167525333;1.370167525181E9
1370167525370;1.370167525203E9
1370167525489;1.370167525321E9
1370167525638;1.370167525635E9
1370167526339;1.370167525639E9
1370167526415;1.370167525505E9
1370167526432;1.370167525512E9
1370167526541;1.37016752637E9
1370167526563;1.370167526333E9
1370167526824;1.370167526656E9
1370167526977;1.370167526541E9
1370167527042;1.370167526451E9
1370167527102;1.370167527026E9
1370167527433;1.370167527151E9
1370167527727;1.370167527378E9
1370167527861;1.370167527861E9
1370167527886;1.370167527885E9
1370167527888;1.370167526954E9
1370167528349;1.370167528302E9
1370167528434;1.370167528408E9
1370167528880;1.370167528598E9
1370167529119;1.370167528695E9
1370167529700;1.370167529695E9
1370167529805;1.370167529803E9
1370167530541;1.370167530377E9
1370167530582;1.370167530542E9
1370167530890;1.37016753088E9
1370167531215;1.370167531168E9
1370167531411;1.370167531394E9
1370167531415;1.370167531312E9
1370167531588;1.370167531264E9
1370167531820;1.370167531634E9
1370167532044;1.370167531969E9
1370167532088;1.370167531742E9
1370167532892;1.370167532769E9
1370167533428;1.370167533378E9
1370167533561;1.37016753347E9
1370167533811;1.370167533711E9
1370167534259;1.370167534109E9
1370167534734;1.370167534711E9
1370167535072;1.370167535033E9
1370167535226;1.370167535161E9
1370167535325;1.370167535274E9
1370167535410;1.37016753537E9
1370167535883;1.370167535447E9
1370167535911;1.370167535688E9
1370167536042;1.370167535743E9
1370167536173;1.370167535479E9
1370167536267;1.370167536262E9
1370167536625;1.370167536599E9
1370167536785;1.37016753668E9
1370167537358;1.370167537248E9
1370167537439;1.370167537267E9
1370167537766;1.370167537416E9
1370167537803;1.370167537501E9
1370167537887;1.370167537851E9
1370167538129;1.370167538101E9
1370167538371;1.370167538366E9
1370167538645;1.370167538266E9
1370167539282;1.370167538849E9
1370167539357;1.370167539352E9
1370167539501;1.370167539455E9
1370167539544;1.370167539404E9
1370167539608;1.370167539576E9
1370167539663;1.370167539662E9
1370167539733;1.370167539642E9
1370167540778;1.370167540769E9
1370167540832;1.370167540737E9
1370167540905;1.37016754062E9
1370167540933;1.370167540316E9
1370167540942;1.370167540303E9
1370167540991;1.370167540319E9
1370167541011;1.370167540933E9
1370167541052;1.370167539933E9
1370167541072;1.370167540073E9
1370167541116;1.370167540214E9
1370167541149;1.370167540819E9
1370167541180;1.370167541158E9
1370167541250;1.370167541185E9
1370167541455;1.370167541318E9
1370167541556;1.370167541309E9
1370167541560;1.370167541319E9
1370167541643;1.370167541271E9
1370167541872;1.370167541617E9
1370167542203;1.370167542119E9
1370167542338;1.370167542245E9
1370167542361;1.370167542301E9
1370167542468;1.370167542382E9
1370167542571;1.370167542523E9
1370167542914;1.370167542894E9
1370167543005;1.370167542926E9
1370167543065;1.370167543065E9
1370167543424;1.370167543328E9
1370167543627;1.37016754361E9
1370167543651;1.370167543643E9
1370167543757;1.370167543731E9
1370167543918;1.370167543706E9
1370167543925;1.370167543676E9
1370167543965;1.37016754396E9
1370167544274;1.370167543817E9
1370167544333;1.370167544246E9
1370167544527;1.370167544525E9
1370167544638;1.370167544304E9
1370167544713;1.370167544005E9
1370167545272;1.370167545011E9
1370167545406;1.37016754521E9
1370167545555;1.370167545175E9
1370167545827;1.370167544877E9
1370167545879;1.370167544293E9
1370167545930;1.370167544826E9
1370167546009;1.370167545443E9
1370167546238;1.370167546141E9
1370167546259;1.370167546259E9
1370167546326;1.370167546284E9
1370167546539;1.370167546501E9
1370167546612;1.370167546248E9
1370167546760;1.370167546333E9
1370167547114;1.370167547113E9
1370167547339;1.370167547106E9
1370167547662;1.370167547657E9
1370167547813;1.370167547796E9
1370167547961;1.370167547958E9
1370167547996;1.370167547966E9
1370167548197;1.370167548164E9
1370167548625;1.370167548501E9
1370167549051;1.370167548958E9
1370167549370;1.370167548972E9
1370167549628;1.370167549503E9
1370167549710;1.370167549395E9
1370167549732;1.370167549475E9
1370167549998;1.370167549978E9
1370167550037;1.370167549982E9
1370167550162;1.37016755005E9
1370167550255;1.370167550176E9
1370167550465;1.370167550223E9
1370167550505;1.370167550498E9
1370167550612;1.370167550561E9
1370167550646;1.37016755062E9
1370167550769;1.370167550669E9
1370167550941;1.370167550677E9
1370167551252;1.370167551247E9
1370167551439;1.370167551407E9
1370167552134;1.370167551946E9
1370167552277;1.370167552211E9
1370167552295;1.370167551346E9
1370167552625;1.370167552208E9
1370167552642;1.370167551968E9
1370167552886;1.370167552876E9
1370167552895;1.370167552717E9
1370167552956;1.370167552262E9
1370167553041;1.370167551858E9
1370167553139;1.370167553126E9
1370167553450;1.370167553144E9
1370167553464;1.370167553255E9
1370167553603;1.370167553412E9
1370167553634;1.370167553261E9
1370167553759;1.37016755375E9
1370167553821;1.370167553344E9
1370167553842;1.370167553369E9
1370167553912;1.370167553874E9
1370167554192;1.370167554109E9
1370167554672;1.370167554657E9
1370167555565;1.370167555368E9
1370167555667;1.370167555666E9
1370167555675;1.370167554904E9
1370167555718;1.370167555283E9
1370167555759;1.370167555759E9
1370167555796;1.370167555188E9
1370167555921;1.370167555808E9
1370167556160;1.370167554957E9
1370167556480;1.370167555932E9
1370167557478;1.370167557467E9
1370167557551;1.370167554813E9
1370167557660;1.370167557538E9
1370167557710;1.370167557612E9
1370167557781;1.370167557704E9
1370167557994;1.370167557992E9
1370167558077;1.370167556043E9
1370167558476;1.370167557245E9
1370167558676;1.370167558143E9
1370167558804;1.370167556896E9
1370167559075;1.370167559074E9
1370167559192;1.370167558743E9
1370167559210;1.37016755921E9
1370167559355;1.370167558792E9
1370167559452;1.370167558325E9
1370167559517;1.370167557999E9
1370167559828;1.370167559663E9
1370167560009;1.370167559872E9
1370167560442;1.37016756031E9
1370167560459;1.370167560024E9
1370167560620;1.370167560572E9
1370167560888;1.37016756074E9
1370167560905;1.370167560561E9
1370167560916;1.37016755968E9
1370167560925;1.37016756089E9
1370167560928;1.370167560569E9
1370167561208;1.370167560545E9
1370167561265;1.370167561093E9
1370167561494;1.370167561409E9
1370167561527;1.370167561516E9
1370167561534;1.370167561138E9
1370167561595;1.370167561592E9
1370167561654;1.370167561352E9
1370167561835;1.370167561689E9
1370167561931;1.370167561786E9
1370167562652;1.370167562471E9
1370167563307;1.370167563267E9
1370167563585;1.370167563524E9
1370167563664;1.3701675636E9
1370167563826;1.370167563818E9
1370167564114;1.370167564068E9
1370167564238;1.370167564214E9
1370167564941;1.370167564914E9
1370167565217;1.370167565006E9
1370167565566;1.370167565558E9
1370167565721;1.370167565658E9
1370167566009;1.370167565707E9
1370167566158;1.370167566099E9
1370167566409;1.370167566368E9
1370167566533;1.370167566179E9
1370167566712;1.370167566646E9
1370167566718;1.370167566555E9
1370167566741;1.370167566681E9
1370167567219;1.370167567021E9
1370167567337;1.370167566614E9
1370167567559;1.370167566989E9
1370167567563;1.370167567421E9
1370167567827;1.370167567689E9
1370167567830;1.370167567458E9
1370167567913;1.370167567887E9
1370167569068;1.370167568981E9
1370167569148;1.370167569115E9
1370167569676;1.370167569615E9
1370167569758;1.370167569664E9
1370167570132;1.370167569985E9
1370167570135;1.370167569927E9
1370167570232;1.370167570159E9
1370167570402;1.370167570371E9
1370167570974;1.37016757092E9
1370167571151;1.370167571047E9
1370167571159;1.370167570905E9
1370167571308;1.370167571115E9
1370167571472;1.37016757147E9
1370167571987;1.370167571791E9
1370167572691;1.370167572647E9
1370167572910;1.370167572732E9
1370167573225;1.370167572997E9
1370167573287;1.370167573286E9
1370167573340;1.37016757334E9
1370167573394;1.370167573363E9
1370167573563;1.370167573444E9
1370167573649;1.370167573588E9
1370167573819;1.370167573774E9
1370167573948;1.370167573592E9
1370167574073;1.37016757368E9
1370167574139;1.370167573788E9
1370167574152;1.370167574147E9
1370167574211;1.370167573982E9
1370167574362;1.370167574021E9
1370167574433;1.370167574297E9
1370167574484;1.370167574239E9
1370167574600;1.370167574582E9
1370167574635;1.370167574617E9
1370167574955;1.370167574844E9
1370167574994;1.370167574768E9
1370167575526;1.370167574709E9
1370167575857;1.370167575455E9
1370167575863;1.370167575678E9
1370167575920;1.37016757558E9
1370167576023;1.37016757526E9
1370167576066;1.370167574906E9
1370167576171;1.370167575554E9
1370167576599;1.370167576258E9
1370167576881;1.370167576334E9
1370167577273;1.370167576913E9
1370167577731;1.370167577332E9
1370167577831;1.370167576463E9
1370167577900;1.370167577188E9
1370167578048;1.370167577497E9
1370167578229;1.370167578219E9
1370167578341;1.370167576844E9
1370167578369;1.370167578347E9
1370167578500;1.370167578284E9
1370167578686;1.370167578502E9
1370167578745;1.370167578669E9
1370167578803;1.37016757799E9
1370167578804;1.370167578765E9
1370167578925;1.370167578923E9
1370167579063;1.37016757879E9
1370167579431;1.370167579328E9
1370167579795;1.370167579755E9
1370167580083;1.370167579723E9
1370167580252;1.370167580044E9
1370167580329;1.370167580319E9
1370167580787;1.370167579843E9
1370167580846;1.370167579972E9
1370167580878;1.370167580525E9
1370167581119;1.370167580193E9
1370167581261;1.37016758122E9
1370167581418;1.370167581395E9
1370167581432;1.370167581314E9
1370167581443;1.370167581438E9
1370167582517;1.370167582497E9
1370167582631;1.370167582525E9
1370167582713;1.370167582687E9
1370167583086;1.37016758292E9
1370167583564;1.370167583563E9
1370167583666;1.370167583658E9
1370167583722;1.370167583605E9
1370167583951;1.370167583513E9
1370167584067;1.370167583885E9
1370167584237;1.370167583953E9
1370167584398;1.370167584397E9
1370167584554;1.370167584502E9
1370167584695;1.370167584569E9
1370167584702;1.370167584701E9
1370167584753;1.370167584673E9
1370167585312;1.370167585268E9
1370167585985;1.370167585736E9
1370167586139;1.370167586085E9
1370167586214;1.370167586099E9
1370167586338;1.37016758633E9
1370167586878;1.370167586858E9
1370167587030;1.370167586881E9
1370167587054;1.370167587025E9
1370167587236;1.370167587177E9
1370167587324;1.37016758721E9
1370167587393;1.370167587011E9
1370167588072;1.370167587631E9
1370167588236;1.370167588086E9
1370167588479;1.3701675877E9
1370167588559;1.37016758816E9
1370167588560;1.370167587542E9
1370167588564;1.370167587156E9
1370167588683;1.370167588664E9
1370167588733;1.370167588702E9
1370167589129;1.370167589111E9
1370167589810;1.370167589729E9
1370167589816;1.370167589706E9
1370167590673;1.370167590355E9
1370167590729;1.370167590331E9
1370167590820;1.37016759033E9
1370167590823;1.370167589989E9
1370167590866;1.37016759011E9
1370167591090;1.370167590106E9
1370167591278;1.370167589992E9
1370167591327;1.370167590284E9
1370167591476;1.370167590301E9
1370167591482;1.370167591162E9
1370167592027;1.370167591483E9
1370167592127;1.370167592045E9
1370167592331;1.370167591951E9
1370167592338;1.370167591919E9
1370167592474;1.370167591668E9
1370167592522;1.370167592517E9
1370167592705;1.370167592491E9
1370167592783;1.370167590998E9
1370167593173;1.370167593171E9
1370167593210;1.370167593128E9
1370167593488;1.370167593448E9
1370167593881;1.370167593521E9
1370167594198;1.370167593974E9
1370167594314;1.370167594058E9
1370167594447;1.370167594322E9
1370167594534;1.370167594452E9
1370167594636;1.370167594481E9
1370167594886;1.370167594885E9
1370167595128;1.370167595123E9
1370167595194;1.370167594872E9
1370167595216;1.370167594923E9
1370167595523;1.370167595434E9
1370167595796;1.370167595761E9
1370167595909;1.370167595882E9
1370167596015;1.37016759598E9
1370167596258;1.370167596072E9
1370167596649;1.370167596186E9
1370167596735;1.370167596691E9
1370167596971;1.370167596918E9
1370167597042;1.370167596929E9
1370167597425;1.37016759734E9
1370167597628;1.370167596831E9
1370167597683;1.370167597524E9
1370167597875;1.370167596881E9
1370167597901;1.37016759775E9
1370167597907;1.370167597704E9
1370167598015;1.370167597753E9
1370167598355;1.370167598292E9
1370167598383;1.370167598234E9
1370167598509;1.370167598459E9
1370167598801;1.370167598739E9
1370167598852;1.370167598771E9
1370167599177;1.370167598562E9
1370167599778;1.370167599762E9
1370167600102;1.370167599928E9
1370167600138;1.370167600003E9
1370167600197;1.370167599943E9
1370167600272;1.370167600206E9
1370167600372;1.370167599949E9
1370167600520;1.370167600452E9
1370167600741;1.370167600457E9
1370167600863;1.370167600765E9
1370167601036;1.37016760097E9
1370167601123;1.370167601122E9
1370167601167;1.370167601118E9
1370167601291;1.370167601129E9
1370167601712;1.370167601582E9
1370167601830;1.370167601746E9
1370167602066;1.37016760198E9
1370167602316;1.370167602179E9
1370167602467;1.370167602404E9
1370167602514;1.370167602505E9
1370167602582;1.370167602564E9
1370167602601;1.370167602552E9
1370167602857;1.37016760276E9
1370167603133;1.370167603122E9
1370167603243;1.370167603227E9
1370167603624;1.370167603597E9
1370167604484;1.370167604471E9
1370167604587;1.370167604582E9
1370167605118;1.370167604957E9
1370167605213;1.37016760521E9
1370167605244;1.370167605128E9
1370167605698;1.370167605693E9
1370167605700;1.370167605444E9
1370167605737;1.370167605274E9
1370167605847;1.370167605425E9
1370167605891;1.370167605799E9
1370167606105;1.370167605905E9
1370167606164;1.370167605833E9
1370167606433;1.370167606305E9
1370167606771;1.370167606406E9
1370167606925;1.370167606924E9
1370167607142;1.37016760711E9
1370167607935;1.370167607888E9
1370167608263;1.37016760824E9
1370167608305;1.370167608277E9
1370167608321;1.370167608317E9
1370167608361;1.370167608338E9
1370167608728;1.370167608582E9
1370167608869;1.370167608748E9
1370167609044;1.370167609029E9
1370167609192;1.370167609105E9
1370167609347;1.370167609317E9
1370167609548;1.370167609455E9
1370167609562;1.370167609558E9
1370167609957;1.370167609949E9
1370167610061;1.370167609644E9
1370167610498;1.370167610087E9
1370167610727;1.37016760968E9
1370167610844;1.370167610529E9
1370167611222;1.370167610903E9
1370167611227;1.370167609676E9
1370167611460;1.37016761142E9
1370167611482;1.370167611105E9
1370167611779;1.370167611737E9
1370167612079;1.37016761003E9
1370167612178;1.370167612007E9
1370167612242;1.370167609866E9
1370167612634;1.370167612271E9
1370167612662;1.37016761253E9
1370167613111;1.370167612725E9
1370167613313;1.370167612651E9
1370167613347;1.370167612664E9
1370167613734;1.370167613422E9
1370167613897;1.370167613757E9
1370167614132;1.37016761413E9
1370167614146;1.370167614111E9
1370167614185;1.370167614062E9
1370167614280;1.370167614052E9
1370167614461;1.370167614305E9
1370167614537;1.370167614511E9
1370167614684;1.370167614683E9
1370167614813;1.37016761438E9
1370167615501;1.370167615117E9
1370167615850;1.370167615345E9
1370167615935;1.370167615879E9
1370167616708;1.370167616306E9
1370167617349;1.370167617085E9
1370167617375;1.370167617145E9
1370167617430;1.370167617402E9
1370167617434;1.370167617108E9
1370167617809;1.370167617808E9
1370167617810;1.370167617706E9
1370167618684;1.37016761847E9
1370167619567;1.370167619498E9
1370167619617;1.370167619472E9
1370167620085;1.370167620019E9
1370167620736;1.370167620116E9
1370167620793;1.370167620579E9
1370167621044;1.370167620748E9
1370167621049;1.370167620753E9
1370167621159;1.370167621027E9
1370167621655;1.370167621437E9
1370167621711;1.370167621426E9
1370167621873;1.370167621868E9
1370167622575;1.370167622572E9
1370167622667;1.370167622471E9
1370167622941;1.370167622794E9
1370167623004;1.3701676228E9
1370167623301;1.370167623259E9
1370167623436;1.370167623345E9
1370167623722;1.370167623658E9
1370167623813;1.37016762371E9
1370167624207;1.370167624172E9
1370167624266;1.370167624212E9
1370167624532;1.37016762451E9
1370167625032;1.370167624933E9
1370167625478;1.370167625338E9
1370167625705;1.370167625645E9
1370167625936;1.370167625729E9
1370167626116;1.370167626101E9
1370167626379;1.370167626374E9
1370167626549;1.370167626511E9
1370167626601;1.370167626286E9
1370167626631;1.370167626433E9
1370167626635;1.370167626315E9
1370167627192;1.370167627008E9
1370167627270;1.37016762716E9
1370167627280;1.370167627132E9
1370167627752;1.370167627582E9
1370167627798;1.370167627731E9
1370167627981;1.370167627862E9
1370167628262;1.370167628209E9
1370167628590;1.370167628587E9
1370167628839;1.370167628631E9
1370167629203;1.370167629113E9
1370167630027;1.370167630022E9
1370167630250;1.370167629811E9
1370167630341;1.370167629947E9
1370167630447;1.370167630403E9
1370167631051;1.370167630763E9
1370167631132;1.370167630889E9
1370167631143;1.37016763094E9
1370167631334;1.370167631308E9
1370167631428;1.370167631304E9
1370167632068;1.370167632E9
1370167632151;1.370167632048E9
1370167632282;1.370167632032E9
1370167632503;1.370167632433E9
1370167632705;1.37016763264E9
1370167632719;1.370167632629E9
1370167632823;1.370167632793E9
1370167632844;1.370167632844E9
1370167632994;1.370167632898E9
1370167633097;1.37016763306E9
1370167633446;1.37016763342E9
1370167633500;1.370167633455E9
1370167633525;1.370167633495E9
1370167633846;1.370167633801E9
1370167633913;1.37016763389E9
1370167633971;1.370167633954E9
1370167634033;1.370167634013E9
1370167634132;1.370167634105E9
1370167634345;1.370167634303E9
1370167634466;1.37016763443E9
1370167634497;1.370167634423E9
1370167634562;1.370167634557E9
1370167634575;1.370167634537E9
1370167635144;1.370167635126E9
1370167635191;1.370167635146E9
1370167635219;1.370167635167E9
1370167635798;1.37016763577E9
1370167636260;1.370167636221E9
1370167636346;1.370167636105E9
1370167636550;1.37016763617E9
1370167636752;1.370167636054E9
1370167636949;1.370167636946E9
1370167637019;1.370167636496E9
1370167637147;1.370167636848E9
1370167637314;1.37016763641E9
1370167637573;1.370167636882E9
1370167637625;1.370167637328E9
1370167638178;1.370167638177E9
1370167638560;1.370167637733E9
1370167638690;1.370167638119E9
1370167638985;1.370167638727E9
1370167639017;1.370167638597E9
1370167639421;1.370167639038E9
1370167639460;1.370167638889E9
1370167639542;1.3701676387E9
1370167639569;1.370167638047E9
1370167639660;1.370167639607E9
1370167639791;1.370167639603E9
1370167640176;1.370167640039E9
1370167640273;1.370167640228E9
1370167640511;1.370167640239E9
1370167640914;1.370167640754E9
1370167641064;1.370167640984E9
1370167641628;1.370167641612E9
1370167641831;1.370167641769E9
1370167641933;1.370167641881E9
1370167641951;1.370167641722E9
1370167642015;1.370167641942E9
1370167642023;1.370167641823E9
1370167642109;1.370167642047E9
1370167642781;1.370167642774E9
1370167642936;1.370167642767E9
1370167643110;1.37016764254E9
1370167643333;1.370167642778E9
1370167643420;1.370167642958E9
1370167643625;1.370167643006E9
1370167643631;1.370167643533E9
1370167643806;1.370167643767E9
1370167643814;1.370167643538E9
1370167643983;1.370167643961E9
1370167644089;1.370167643991E9
1370167644144;1.370167643874E9
1370167644256;1.370167643851E9
1370167644279;1.370167644031E9
1370167644442;1.370167644302E9
1370167644786;1.370167644777E9
1370167644921;1.370167644612E9
1370167644991;1.37016764465E9
1370167645007;1.370167645007E9
1370167645048;1.370167644964E9
1370167645055;1.370167645008E9
1370167645217;1.370167645064E9
1370167645232;1.370167645231E9
1370167645434;1.370167645278E9
1370167645496;1.370167645027E9
1370167645752;1.370167645548E9
1370167645795;1.370167645726E9
1370167645871;1.370167645856E9
1370167646450;1.370167646208E9
1370167646493;1.370167646219E9
1370167646863;1.37016764672E9
1370167646866;1.37016764679E9
1370167647004;1.370167646524E9
1370167647643;1.370167647363E9
1370167647650;1.370167647524E9
1370167647791;1.370167647426E9
1370167648115;1.370167648056E9
1370167648225;1.370167647806E9
1370167648597;1.370167647906E9
1370167648598;1.370167648011E9
1370167648753;1.370167648536E9
1370167648891;1.370167648791E9
1370167649124;1.370167648621E9
1370167649155;1.370167648924E9
1370167649262;1.370167648774E9
1370167649350;1.370167648913E9
1370167649409;1.37016764871E9
1370167649627;1.37016764873E9
1370167650438;1.370167649717E9
1370167650588;1.37016765058E9
1370167650854;1.370167649338E9
1370167650897;1.370167650897E9
1370167650960;1.37016765045E9
1370167651085;1.37016765105E9
1370167651218;1.370167651151E9
1370167651562;1.370167651497E9
1370167651576;1.370167651412E9
1370167651693;1.370167651436E9
1370167651789;1.370167651747E9
1370167651933;1.370167651831E9
1370167651936;1.370167651844E9
1370167652183;1.370167652182E9
1370167652326;1.370167652292E9
1370167652383;1.370167652314E9
1370167652463;1.370167652348E9
1370167652768;1.370167652754E9
1370167652833;1.370167652814E9
1370167653660;1.37016765355E9
1370167653692;1.370167653598E9
1370167653824;1.370167653797E9
1370167653936;1.370167653923E9
1370167654486;1.370167654177E9
1370167654920;1.370167654291E9
1370167654943;1.37016765454E9
1370167654947;1.370167654052E9
1370167655043;1.370167655021E9
1370167655113;1.370167654993E9
1370167655333;1.370167655332E9
1370167655456;1.370167655407E9
1370167655588;1.370167655494E9
1370167655997;1.370167655653E9
1370167656096;1.370167656091E9
1370167656632;1.370167656298E9
1370167656648;1.370167655659E9
1370167656890;1.370167656724E9
1370167656931;1.370167656923E9
1370167657381;1.37016765736E9
1370167657930;1.370167657625E9
1370167658267;1.370167658184E9
1370167658323;1.370167657572E9
1370167658820;1.370167658677E9
1370167659103;1.370167657741E9
1370167659208;1.370167657422E9
1370167659293;1.370167658393E9
1370167659385;1.370167659244E9
1370167659672;1.370167659671E9
1370167659712;1.370167659685E9
1370167659814;1.370167659814E9
1370167660015;1.370167659864E9
1370167660092;1.37016765975E9
1370167660176;1.370167660146E9
1370167660304;1.370167660284E9
1370167660570;1.370167660505E9
1370167660675;1.370167660551E9
1370167660739;1.370167660458E9
1370167660983;1.370167660887E9
1370167661021;1.370167660919E9
1370167661235;1.370167661209E9
1370167661353;1.370167661246E9
1370167661560;1.370167661363E9
1370167661680;1.370167661422E9
1370167661753;1.370167661471E9
1370167661932;1.370167661813E9
1370167661960;1.370167661936E9
1370167662163;1.370167662127E9
1370167662213;1.37016766207E9
1370167662330;1.370167662002E9
1370167662394;1.370167662321E9
1370167662616;1.37016766259E9
1370167662644;1.370167662579E9
1370167662667;1.370167662544E9
1370167662864;1.370167662774E9
1370167662877;1.370167662755E9
1370167662981;1.370167662851E9
1370167663157;1.370167662954E9
1370167663504;1.370167663504E9
1370167663666;1.370167663641E9
1370167664056;1.370167663603E9
1370167664398;1.370167664372E9
1370167665093;1.370167665088E9
1370167665342;1.370167664879E9
1370167665489;1.370167665272E9
1370167665651;1.37016766546E9
1370167665674;1.370167665528E9
1370167665704;1.370167665684E9
1370167665863;1.370167665602E9
1370167666167;1.37016766601E9
1370167666179;1.370167666016E9
1370167666296;1.370167666246E9
1370167666689;1.370167666608E9
1370167666713;1.370167666627E9
1370167666793;1.370167666461E9
1370167666834;1.370167666827E9
1370167667030;1.370167667012E9
1370167667241;1.370167667073E9
1370167667330;1.370167667097E9
1370167667504;1.37016766743E9
1370167668716;1.370167668586E9
1370167668775;1.370167668773E9
1370167668850;1.370167668646E9
1370167669660;1.370167669627E9
1370167669886;1.37016766972E9
1370167669959;1.370167669931E9
1370167670216;1.37016767012E9
1370167670263;1.370167670238E9
1370167670335;1.370167670331E9
1370167671150;1.370167671006E9
1370167671183;1.370167670812E9
1370167671492;1.37016767128E9
1370167671692;1.37016767166E9
1370167671750;1.370167671618E9
1370167671841;1.370167671584E9
1370167671966;1.370167671954E9
1370167672114;1.370167672035E9
1370167672355;1.370167672002E9
1370167672482;1.370167672404E9
1370167672907;1.370167672431E9
1370167672918;1.370167672563E9
1370167673254;1.370167673026E9
1370167673427;1.370167673402E9
1370167673649;1.370167673406E9
1370167673751;1.370167673564E9
1370167674204;1.370167673675E9
1370167674281;1.370167674193E9
1370167674454;1.370167674227E9
1370167674786;1.370167674756E9
1370167674790;1.370167674155E9
1370167675011;1.370167674972E9
1370167675038;1.370167674873E9
1370167675269;1.370167675055E9
1370167675724;1.370167675622E9
1370167675751;1.370167675706E9
1370167675985;1.370167675937E9
1370167676133;1.370167676117E9
1370167676338;1.370167676262E9
1370167676361;1.370167676242E9
1370167676908;1.370167676907E9
1370167676932;1.370167676887E9
1370167677136;1.370167677021E9
1370167677154;1.370167677119E9
1370167677221;1.370167677007E9
1370167677735;1.370167677501E9
1370167677790;1.370167677785E9
1370167677810;1.37016767757E9
1370167677970;1.370167677895E9
1370167678688;1.370167678615E9
1370167678696;1.370167678594E9
1370167678868;1.370167678819E9
1370167679646;1.370167679581E9
1370167679718;1.37016767968E9
1370167679785;1.370167679769E9
1370167680040;1.370167679821E9
1370167680375;1.370167679902E9
1370167680377;1.370167680306E9
1370167680439;1.370167679876E9
1370167681262;1.370167681024E9
1370167681457;1.370167681403E9
1370167681483;1.370167681482E9
1370167681512;1.370167681492E9
1370167681865;1.370167681629E9
1370167681988;1.370167681947E9
1370167682091;1.370167681969E9
1370167683248;1.370167682807E9
1370167683253;1.370167683101E9
1370167683346;1.370167683345E9
1370167683435;1.370167683393E9
1370167683504;1.370167682729E9
1370167683792;1.370167683787E9
1370167683965;1.370167683921E9
1370167684401;1.370167684368E9
1370167684953;1.370167684907E9
1370167685027;1.370167684963E9
1370167685141;1.370167685086E9
1370167685371;1.370167685369E9
1370167685415;1.370167685366E9
1370167685505;1.370167685384E9
1370167685563;1.37016768539E9
1370167685656;1.370167685636E9
1370167685917;1.370167685904E9
1370167685988;1.37016768597E9
1370167686576;1.370167686206E9
1370167686612;1.370167686594E9
1370167686631;1.370167686005E9
1370167687064;1.370167686998E9
1370167687210;1.370167687178E9
1370167687391;1.370167687311E9
1370167687461;1.370167687201E9
1370167687984;1.370167687769E9
1370167687999;1.370167687783E9
1370167688365;1.37016768817E9
1370167688447;1.370167688411E9
1370167688463;1.370167688406E9
1370167688467;1.370167688467E9
1370167688468;1.370167688199E9
1370167688553;1.37016768852E9
1370167688663;1.370167688514E9
1370167688724;1.370167688723E9
1370167688847;1.370167688822E9
1370167689097;1.370167688893E9
1370167689424;1.370167688827E9
1370167689708;1.370167689476E9
1370167689870;1.370167689533E9
1370167689910;1.370167689736E9
1370167690218;1.370167689938E9
1370167690284;1.370167690071E9
1370167690658;1.370167690657E9
1370167690932;1.370167690853E9
1370167691189;1.370167691188E9
1370167691557;1.370167690994E9
1370167691617;1.37016769058E9
1370167691935;1.370167691771E9
1370167692067;1.370167691567E9
1370167692308;1.370167691986E9
1370167692311;1.370167690886E9
1370167692546;1.370167690511E9
1370167692626;1.370167692344E9
1370167692645;1.370167692479E9
1370167693011;1.370167692809E9
1370167693036;1.370167692088E9
1370167693465;1.37016769344E9
1370167693470;1.370167693447E9
1370167693576;1.370167693572E9
1370167693599;1.370167693587E9
1370167693740;1.370167693682E9
1370167693842;1.370167693838E9
1370167694535;1.370167694401E9
1370167694662;1.370167694616E9
1370167694670;1.370167694456E9
1370167694683;1.370167694275E9
1370167694855;1.370167694793E9
1370167695592;1.370167695383E9
1370167695639;1.370167695451E9
1370167695662;1.370167695316E9
1370167695787;1.370167695774E9
1370167695843;1.370167695811E9
1370167695972;1.370167695911E9
1370167696591;1.370167696229E9
1370167696732;1.370167696702E9
1370167696775;1.370167696719E9
1370167697528;1.370167697318E9
1370167697620;1.370167697372E9
1370167697754;1.370167697594E9
1370167697840;1.370167697417E9
1370167698221;1.370167698199E9
1370167698712;1.370167698498E9
1370167699147;1.370167698821E9
1370167699327;1.370167698839E9
1370167699429;1.37016769919E9
1370167699581;1.370167699491E9
1370167699763;1.370167699657E9
1370167699903;1.370167699735E9
1370167699905;1.370167699881E9
1370167700052;1.37016769937E9
1370167700099;1.370167699624E9
1370167700308;1.370167700282E9
1370167700355;1.370167700175E9
1370167700894;1.370167700864E9
1370167701107;1.370167701056E9
1370167701232;1.370167701108E9
1370167701311;1.370167701046E9
1370167701416;1.37016770119E9
1370167701791;1.370167701651E9
1370167701994;1.370167701527E9
1370167702200;1.370167701885E9
1370167702399;1.370167702324E9
1370167702643;1.370167702607E9
1370167702733;1.370167702662E9
1370167702739;1.370167702684E9
1370167703213;1.370167702778E9
1370167703391;1.370167702983E9
1370167703403;1.37016770322E9
1370167703985;1.370167703599E9
1370167704048;1.370167703097E9
1370167704483;1.3701677042E9
1370167705084;1.370167704576E9
1370167705275;1.370167705068E9
1370167705333;1.370167704995E9
1370167705381;1.370167704515E9
1370167705524;1.370167703591E9
1370167705527;1.370167705035E9
1370167705578;1.370167705555E9
1370167705828;1.370167705768E9
1370167705829;1.370167705628E9
1370167705871;1.370167705853E9
1370167706063;1.370167705895E9
1370167706191;1.37016770578E9
1370167706491;1.370167706404E9
1370167706723;1.370167706679E9
1370167706783;1.370167706727E9
1370167707000;1.37016770689E9
1370167707391;1.370167707389E9
1370167707397;1.370167707359E9
1370167707471;1.370167707342E9
1370167707483;1.370167707381E9
1370167707619;1.370167707617E9
1370167707684;1.370167707494E9
1370167707805;1.370167707557E9
1370167708254;1.370167707809E9
1370167708280;1.370167707744E9
1370167708282;1.370167707696E9
1370167708672;1.370167708631E9
1370167709208;1.370167708851E9
1370167709221;1.370167709034E9
1370167709283;1.370167709079E9
1370167709449;1.37016770944E9
1370167709520;1.370167709458E9
1370167709695;1.370167709653E9
1370167709718;1.370167709716E9
1370167709809;1.370167709683E9
1370167709815;1.3701677097E9
1370167710128;1.37016771009E9
1370167710283;1.370167710283E9
1370167710326;1.370167709831E9
1370167710477;1.370167710409E9
1370167710556;1.370167710546E9
1370167710846;1.370167710844E9
1370167711127;1.370167711012E9
1370167711201;1.370167711185E9
1370167711673;1.370167711632E9
1370167711904;1.37016771186E9
1370167712135;1.370167711949E9
1370167712169;1.370167712106E9
1370167712224;1.370167712102E9
1370167712309;1.370167712301E9
1370167712847;1.370167712652E9
1370167712871;1.37016771279E9
1370167712991;1.370167712876E9
1370167713317;1.37016771323E9
1370167713551;1.37016771355E9
1370167714310;1.370167714309E9
1370167714333;1.370167714032E9
1370167714379;1.370167713966E9
1370167714645;1.370167714567E9
1370167715616;1.37016771557E9
1370167715756;1.370167715658E9
1370167715931;1.370167715868E9
1370167716017;1.370167716012E9
1370167716139;1.37016771603E9
1370167716264;1.370167716163E9
1370167716519;1.370167716323E9
1370167716596;1.37016771602E9
1370167716680;1.370167716671E9
1370167716845;1.370167716725E9
1370167717349;1.370167717297E9
1370167717414;1.37016771728E9
1370167717710;1.370167717642E9
1370167718203;1.370167718069E9
1370167718442;1.37016771815E9
1370167718720;1.370167718116E9
1370167718862;1.370167718065E9
1370167718930;1.370167718559E9
1370167719229;1.370167719121E9
1370167719384;1.370167719279E9
1370167719386;1.370167719353E9
1370167719628;1.370167719561E9
1370167719660;1.370167719658E9
1370167719868;1.370167719537E9
1370167719891;1.370167719848E9
1370167720269;1.370167720191E9
1370167720293;1.370167720271E9
1370167720346;1.370167720345E9
1370167720530;1.370167720486E9
1370167720629;1.370167720149E9
1370167720729;1.37016772067E9
1370167721074;1.370167720987E9
1370167721340;1.370167721275E9
1370167721460;1.370167721367E9
1370167721763;1.370167721737E9
1370167721765;1.370167721756E9
1370167721965;1.37016772194E9
1370167722123;1.370167722091E9
1370167722705;1.370167722529E9
1370167722890;1.370167722626E9
1370167722957;1.370167722799E9
1370167723107;1.370167722965E9
1370167723157;1.370167723012E9
1370167723540;1.370167723248E9
1370167723562;1.370167723335E9
1370167723601;1.370167723594E9
1370167723738;1.370167723442E9
1370167723882;1.370167723814E9
1370167724535;1.370167724466E9
1370167724630;1.37016772457E9
1370167725040;1.370167724925E9
1370167725277;1.370167725257E9
1370167725425;1.37016772522E9
1370167725500;1.370167725262E9
1370167725575;1.370167725503E9
1370167725738;1.370167725555E9
1370167725867;1.370167725796E9
1370167726273;1.370167725908E9
1370167726409;1.370167725982E9
1370167726496;1.370167725836E9
1370167726595;1.37016772611E9
1370167727499;1.370167727415E9
1370167727843;1.370167727553E9
1370167727971;1.370167727875E9
1370167728059;1.370167727982E9
1370167728318;1.370167727901E9
1370167728530;1.370167728098E9
1370167728905;1.370167728879E9
1370167728944;1.370167728817E9
1370167729201;1.37016772907E9
1370167729269;1.370167729219E9
1370167729280;1.370167729227E9
1370167729721;1.370167729721E9
1370167730063;1.370167729779E9
1370167730129;1.370167729696E9
1370167730437;1.370167730213E9
1370167730549;1.370167730012E9
1370167730689;1.370167730153E9
1370167730949;1.370167730949E9
1370167730981;1.370167730796E9
1370167731027;1.370167729583E9
1370167731164;1.370167730561E9
1370167731173;1.370167731143E9
1370167731693;1.370167729959E9
1370167732487;1.370167732479E9
1370167732535;1.370167732474E9
1370167732552;1.370167732395E9
1370167732678;1.370167732624E9
1370167732757;1.370167732747E9
1370167732791;1.370167732775E9
1370167733200;1.370167733069E9
1370167733618;1.370167733598E9
1370167733740;1.37016773372E9
1370167733826;1.37016773376E9
1370167734021;1.370167733988E9
1370167734475;1.370167733864E9
1370167734838;1.370167733751E9
1370167734949;1.370167734898E9
1370167735068;1.370167734789E9
1370167735532;1.370167734393E9
1370167735693;1.370167734689E9
1370167735743;1.370167734869E9
1370167736559;1.370167736558E9
1370167737198;1.370167736482E9
1370167737347;1.370167736504E9
1370167737394;1.370167736847E9
1370167737517;1.370167736749E9
1370167737542;1.37016773634E9
1370167737595;1.370167737467E9
1370167737880;1.370167737775E9
1370167738117;1.370167737968E9
1370167738257;1.370167738213E9
1370167738607;1.370167738536E9
1370167738737;1.370167738673E9
1370167738808;1.370167738793E9
1370167739406;1.370167739317E9
1370167739684;1.370167739168E9
1370167739721;1.370167739662E9
1370167740200;1.370167739671E9
1370167740379;1.370167740204E9
1370167740465;1.370167740406E9
1370167740604;1.370167739776E9
1370167740643;1.370167740271E9
1370167740808;1.370167740686E9
1370167741247;1.370167740705E9
1370167741303;1.370167740846E9
1370167741375;1.370167741064E9
1370167741505;1.370167740793E9
1370167741852;1.370167741721E9
1370167741871;1.370167741835E9
1370167741901;1.370167741589E9
1370167741938;1.370167741654E9
1370167742034;1.370167741989E9
1370167742239;1.370167742121E9
1370167742507;1.370167742427E9
1370167742562;1.370167742545E9
1370167742636;1.370167741915E9
1370167742876;1.37016774278E9
1370167742891;1.370167742842E9
1370167742969;1.370167742968E9
1370167743073;1.370167742413E9
1370167743108;1.37016774303E9
1370167743114;1.370167742939E9
1370167743163;1.370167742474E9
1370167743256;1.370167743217E9
1370167743291;1.370167743227E9
1370167743362;1.370167743332E9
1370167743571;1.370167743533E9
1370167743729;1.370167743591E9
1370167743865;1.370167743828E9
1370167744056;1.37016774397E9
1370167744387;1.370167744386E9
1370167744523;1.370167744081E9
1370167744557;1.370167744361E9
1370167744678;1.370167744632E9
1370167744919;1.37016774491E9
1370167745261;1.370167745156E9
1370167745504;1.370167745502E9
1370167745773;1.370167745659E9
1370167745798;1.370167745616E9
1370167745904;1.370167745687E9
1370167745916;1.370167745152E9
1370167746374;1.37016774616E9
1370167746473;1.370167746249E9
1370167746581;1.370167746512E9
1370167746727;1.370167746703E9
1370167747013;1.370167746982E9
1370167747171;1.370167747163E9
1370167747294;1.370167747282E9
1370167747469;1.370167747438E9
1370167747870;1.370167747626E9
1370167748074;1.370167747734E9
1370167748461;1.370167748431E9
1370167749160;1.370167749021E9
1370167749289;1.370167749169E9
1370167749295;1.370167748885E9
1370167749665;1.370167749315E9
1370167749892;1.370167749761E9
1370167750364;1.370167750363E9
1370167750661;1.370167749993E9
1370167750683;1.370167750598E9
1370167750719;1.370167750243E9
1370167750920;1.370167749561E9
1370167751162;1.37016775103E9
1370167751431;1.37016775106E9
1370167751817;1.370167751672E9
1370167752024;1.370167751993E9
1370167752050;1.370167751879E9
1370167752213;1.370167751386E9
1370167752247;1.370167752035E9
1370167752466;1.370167752426E9
1370167752788;1.370167752602E9
1370167752900;1.37016775255E9
1370167753955;1.37016775374E9
1370167754211;1.370167753549E9
1370167754303;1.370167753789E9
1370167754400;1.370167754367E9
1370167754695;1.370167754657E9
1370167754814;1.37016775481E9
1370167754844;1.370167754825E9
1370167754934;1.370167754867E9
1370167755053;1.370167754969E9
1370167755558;1.370167755365E9
1370167755635;1.370167755567E9
1370167755783;1.370167755605E9
1370167755926;1.37016775564E9
1370167756128;1.3701677559E9
1370167756186;1.370167756057E9
1370167756306;1.370167755718E9
1370167756632;1.370167756488E9
1370167756857;1.370167756466E9
1370167756907;1.370167756765E9
1370167757013;1.370167756922E9
1370167757238;1.370167757091E9
1370167757291;1.370167757255E9
1370167757305;1.370167757276E9
1370167757738;1.370167757446E9
1370167757765;1.370167757435E9
1370167757971;1.37016775797E9
1370167758122;1.370167758122E9
1370167758262;1.370167757933E9
1370167758345;1.370167757843E9
1370167759115;1.370167759082E9
1370167759499;1.370167759203E9
1370167759605;1.37016775781E9
1370167759997;1.370167759728E9
1370167760202;1.370167760015E9
1370167760315;1.370167759724E9
1370167760377;1.37016775853E9
1370167760548;1.370167759235E9
1370167760609;1.370167759813E9
1370167760844;1.370167760758E9
1370167761328;1.370167761027E9
1370167761383;1.370167761359E9
1370167761587;1.370167761497E9
1370167761943;1.370167761941E9
1370167762066;1.370167761768E9
1370167762185;1.370167761532E9
1370167762265;1.370167761435E9
1370167762299;1.37016776163E9
1370167762314;1.370167761959E9
1370167762323;1.370167760865E9
1370167762574;1.370167762451E9
1370167762821;1.370167762422E9
1370167763128;1.370167762986E9
1370167763132;1.370167763015E9
1370167763282;1.370167763176E9
1370167763579;1.370167763385E9
1370167763667;1.370167763442E9
1370167763686;1.370167763684E9
1370167763689;1.370167763414E9
1370167763837;1.370167763651E9
1370167764044;1.370167764012E9
1370167764070;1.370167764065E9
1370167764111;1.370167764026E9
1370167764275;1.370167763986E9
1370167764527;1.370167764497E9
1370167764544;1.370167764461E9
1370167764679;1.370167764565E9
1370167764827;1.370167764713E9
1370167765339;1.370167765136E9
1370167765342;1.370167764965E9
1370167765519;1.370167765393E9
1370167765521;1.370167765274E9
1370167765613;1.370167765401E9
1370167766026;1.370167766026E9
1370167766051;1.370167765855E9
1370167766309;1.370167765768E9
1370167766339;1.370167766168E9
1370167766372;1.370167766349E9
1370167766503;1.370167766413E9
1370167766677;1.370167766645E9
1370167767036;1.370167766992E9
1370167767246;1.370167767231E9
1370167767461;1.370167767461E9
1370167767566;1.370167767548E9
1370167768034;1.370167768034E9
1370167768139;1.370167768118E9
1370167768155;1.370167768064E9
1370167768227;1.370167768225E9
1370167768720;1.370167768715E9
1370167768941;1.370167768929E9
1370167769408;1.370167769383E9
1370167769627;1.370167769416E9
1370167769873;1.370167769817E9
1370167770489;1.370167770256E9
1370167770684;1.370167769791E9
1370167770828;1.370167769944E9
1370167771058;1.370167770613E9
1370167771118;1.370167771076E9
1370167771152;1.370167769672E9
1370167771506;1.370167771407E9
1370167771601;1.370167771103E9
1370167771666;1.37016777156E9
1370167771926;1.370167771569E9
1370167772018;1.370167771072E9
1370167772578;1.370167772179E9
1370167772782;1.370167772473E9
1370167773040;1.370167772721E9
1370167773056;1.370167772989E9
1370167773742;1.370167772786E9
1370167773994;1.370167773271E9
1370167774168;1.370167774076E9
1370167774240;1.370167773403E9
1370167774573;1.370167773925E9
1370167774749;1.370167774487E9
1370167775200;1.370167775197E9
1370167775409;1.370167774976E9
1370167775557;1.370167775469E9
1370167775630;1.370167774897E9
1370167775723;1.370167775245E9
1370167776030;1.370167776022E9
1370167776073;1.370167776056E9
1370167776091;1.370167776051E9
1370167776377;1.370167776264E9
1370167776861;1.370167776675E9
1370167777287;1.370167777069E9
1370167777483;1.370167776701E9
1370167777624;1.370167777173E9
1370167777711;1.370167777511E9
1370167778301;1.370167776789E9
1370167778330;1.370167776993E9
1370167778390;1.370167777565E9
1370167778789;1.370167778758E9
1370167778801;1.370167778801E9
1370167778871;1.370167778655E9
1370167779344;1.370167779327E9
1370167779554;1.370167779319E9
1370167779814;1.370167779556E9
1370167779880;1.370167779753E9
1370167779916;1.370167779773E9
1370167779975;1.370167779959E9
1370167780411;1.370167780188E9
1370167780684;1.370167780445E9
1370167781017;1.370167780971E9
1370167781171;1.370167781062E9
1370167781523;1.370167781227E9
1370167781621;1.370167781591E9
1370167781763;1.370167781608E9
1370167782260;1.370167781413E9
1370167782301;1.370167782232E9
1370167782301;1.370167782291E9
1370167782874;1.370167782805E9
1370167782886;1.370167782796E9
1370167783148;1.370167783146E9
1370167783387;1.370167783116E9
1370167783662;1.37016778345E9
1370167783674;1.370167783666E9
1370167784042;1.370167783991E9
1370167784070;1.370167784019E9
1370167784364;1.370167784309E9
1370167784458;1.370167784189E9
1370167784775;1.37016778462E9
1370167784872;1.370167784641E9
1370167785108;1.370167785073E9
1370167785250;1.370167785139E9
1370167785338;1.370167785259E9
1370167785408;1.370167785278E9
1370167785572;1.370167785471E9
1370167785794;1.370167785557E9
1370167786041;1.370167786039E9
1370167786378;1.370167786282E9
1370167786405;1.370167786064E9
1370167786623;1.370167786502E9
1370167786869;1.37016778611E9
1370167786869;1.370167786581E9
1370167787032;1.370167786924E9
1370167787222;1.370167787131E9
1370167787251;1.370167786998E9
1370167787367;1.370167787035E9
1370167787426;1.370167787425E9
1370167787511;1.370167787107E9
1370167787724;1.370167787647E9
1370167787907;1.370167787765E9
1370167787944;1.370167787633E9
1370167787985;1.370167787982E9
1370167788073;1.370167787894E9
1370167788133;1.37016778809E9
1370167788167;1.370167787678E9
1370167788251;1.37016778815E9
1370167788470;1.370167788469E9
1370167788689;1.370167788572E9
1370167789103;1.370167789103E9
1370167789134;1.370167789078E9
1370167789154;1.370167789142E9
1370167789203;1.370167788623E9
1370167789904;1.370167789771E9
1370167790130;1.370167790049E9
1370167790464;1.37016778984E9
1370167790510;1.370167790267E9
1370167790947;1.370167790869E9
1370167791097;1.370167791055E9
1370167791100;1.37016779095E9
1370167791625;1.370167791529E9
1370167791632;1.37016779141E9
1370167792373;1.370167792091E9
1370167792453;1.370167792426E9
1370167792529;1.370167792524E9
1370167793127;1.370167792592E9
1370167793337;1.370167793013E9
1370167793379;1.370167793182E9
1370167793497;1.370167793486E9
1370167793919;1.370167793844E9
1370167794041;1.370167793999E9
1370167794159;1.370167794136E9
1370167794213;1.370167794146E9
1370167794324;1.370167794255E9
1370167794444;1.370167794313E9
1370167794585;1.370167794516E9
1370167794777;1.370167794767E9
1370167795224;1.370167794902E9
1370167795226;1.370167794657E9
1370167795256;1.370167794617E9
1370167795305;1.37016779523E9
1370167795395;1.37016779521E9
1370167795620;1.370167795531E9
1370167795787;1.370167795613E9
1370167795826;1.370167795803E9
1370167795841;1.370167795741E9
1370167796090;1.370167795975E9
1370167796422;1.370167796368E9
1370167796736;1.370167795945E9
1370167796866;1.370167796861E9
1370167797233;1.370167796754E9
1370167797367;1.370167796946E9
1370167797615;1.370167796955E9
1370167798025;1.370167797981E9
1370167798079;1.370167797974E9
1370167798136;1.370167797542E9
1370167798143;1.370167797259E9
1370167798244;1.370167798239E9
1370167798418;1.370167797952E9
1370167798422;1.370167798345E9
1370167798601;1.370167798551E9
1370167798689;1.370167798309E9
1370167798700;1.3701677985E9
1370167798869;1.370167797886E9
1370167798940;1.370167798879E9
1370167798944;1.370167798815E9
1370167799319;1.370167799317E9
1370167799384;1.37016779924E9
1370167799404;1.370167799235E9
1370167799590;1.370167799506E9
1370167799691;1.370167799619E9
1370167799745;1.37016779973E9
1370167799807;1.370167799783E9
1370167799863;1.370167799825E9
1370167800061;1.370167800041E9
1370167800230;1.37016780023E9
1370167800291;1.370167800263E9
1370167800387;1.370167800351E9
1370167800541;1.370167800539E9
1370167800958;1.370167800813E9
1370167800968;1.370167800818E9
1370167801279;1.370167801166E9
1370167802220;1.370167801915E9
1370167802231;1.370167802195E9
1370167802410;1.370167802382E9
1370167802850;1.370167802839E9
1370167802955;1.370167802946E9
1370167803459;1.370167803417E9
1370167803534;1.370167803533E9
1370167803554;1.370167803264E9
1370167803556;1.370167803443E9
1370167804081;1.370167803889E9
1370167804239;1.370167804147E9
1370167804247;1.370167804177E9
1370167804686;1.370167804673E9
1370167804745;1.370167804732E9
1370167804892;1.370167804754E9
1370167804971;1.370167804936E9
1370167804975;1.370167804925E9
1370167805183;1.370167805168E9
1370167806030;1.370167805905E9
1370167806097;1.370167806066E9
1370167806328;1.370167806308E9
1370167806667;1.370167806567E9
1370167806669;1.370167806589E9
1370167806777;1.370167806708E9
1370167806996;1.37016780698E9
1370167807032;1.370167806971E9
1370167807186;1.370167807176E9
1370167807864;1.370167807859E9
1370167807891;1.370167807805E9
1370167808453;1.370167808371E9
1370167809233;1.370167809201E9
1370167809627;1.370167809393E9
1370167809638;1.370167809615E9
1370167809914;1.370167809841E9
1370167810030;1.37016780999E9
1370167810160;1.370167810055E9
1370167810305;1.370167809821E9
1370167810384;1.370167810256E9
1370167810447;1.37016781044E9
1370167810497;1.370167810488E9
1370167810778;1.370167810652E9
1370167811085;1.370167811048E9
1370167811367;1.370167811366E9
1370167811514;1.370167811352E9
1370167811700;1.370167811687E9
1370167811991;1.370167811963E9
1370167812045;1.370167812013E9
1370167812879;1.370167812737E9
1370167813011;1.370167812795E9
1370167813517;1.370167813471E9
1370167813544;1.370167813536E9
1370167813589;1.370167813573E9
1370167813855;1.370167813794E9
1370167814436;1.370167814336E9
1370167814821;1.370167814753E9
1370167815448;1.370167815319E9
1370167815501;1.370167815374E9
1370167815903;1.370167815717E9
1370167816482;1.370167816335E9
1370167816647;1.370167816602E9
1370167817502;1.370167816783E9
1370167817509;1.3701678173E9
1370167817530;1.370167817194E9
1370167817580;1.37016781695E9
1370167817803;1.370167817749E9
1370167818146;1.370167818068E9
1370167818319;1.370167818111E9
1370167818478;1.370167818177E9
1370167818553;1.370167818515E9
1370167818603;1.370167818582E9
1370167819013;1.370167819011E9
1370167819200;1.370167818681E9
1370167819383;1.370167818919E9
1370167819431;1.370167819361E9
1370167819851;1.370167818927E9
1370167819995;1.370167819939E9
1370167820224;1.370167820037E9
1370167820438;1.370167820328E9
1370167820659;1.370167820604E9
1370167820926;1.370167820925E9
1370167820931;1.37016782092E9
1370167821252;1.370167821042E9
1370167821256;1.370167820992E9
1370167821611;1.370167821559E9
1370167821665;1.370167821564E9
1370167822183;1.370167822034E9
1370167822681;1.370167822307E9
1370167822829;1.370167822073E9
1370167822921;1.370167822419E9
1370167823069;1.370167822686E9
1370167823269;1.370167823241E9
1370167823282;1.370167823281E9
1370167823427;1.370167823354E9
1370167824225;1.370167823752E9
1370167824455;1.370167824137E9
1370167824619;1.370167824467E9
1370167824693;1.370167824444E9
1370167824863;1.37016782485E9
1370167825513;1.370167825299E9
1370167825623;1.370167825622E9
1370167826599;1.370167826598E9
1370167826608;1.370167826595E9
1370167827190;1.370167826306E9
1370167827278;1.370167826405E9
1370167827499;1.370167826804E9
1370167827668;1.370167826708E9
1370167827832;1.370167827827E9
1370167827957;1.370167827945E9
1370167828121;1.370167828082E9
1370167828460;1.370167828314E9
1370167828965;1.370167828434E9
1370167829114;1.370167829107E9
1370167829422;1.370167829309E9
1370167829437;1.370167828472E9
1370167829731;1.370167829539E9
1370167829751;1.370167829449E9
1370167829852;1.370167829772E9
1370167830284;1.370167830135E9
1370167830511;1.370167830434E9
1370167830960;1.370167830897E9
1370167831236;1.370167831117E9
1370167831353;1.37016783124E9
1370167831516;1.37016783149E9
1370167831641;1.370167831605E9
1370167832039;1.370167831962E9
1370167832212;1.370167832197E9
1370167832266;1.370167832264E9
1370167832296;1.370167832259E9
1370167832614;1.370167832463E9
1370167833264;1.370167833117E9
1370167833403;1.370167833396E9
1370167833687;1.370167833353E9
1370167833696;1.37016783305E9
1370167833903;1.370167833702E9
1370167834166;1.370167833913E9
1370167834259;1.370167833876E9
1370167834429;1.370167834403E9
1370167834458;1.370167834443E9
1370167834959;1.370167834901E9
1370167835055;1.370167834979E9
1370167835387;1.370167835352E9
1370167835486;1.370167835174E9
1370167835611;1.370167835338E9
1370167835999;1.370167835743E9
1370167836308;1.370167836118E9
1370167836320;1.370167836311E9
1370167836379;1.370167836007E9
1370167836504;1.370167836475E9
1370167836630;1.37016783644E9
1370167836961;1.370167836919E9
1370167837400;1.370167837395E9
1370167837470;1.370167836813E9
1370167837541;1.370167836836E9
1370167837824;1.370167837575E9
1370167837827;1.370167837634E9
1370167837846;1.370167837547E9
1370167838185;1.370167838094E9
1370167838187;1.370167838165E9
1370167838433;1.370167838393E9
1370167838511;1.370167838484E9
1370167838635;1.370167838495E9
1370167838645;1.370167838536E9
1370167839300;1.370167838934E9
1370167839448;1.370167839402E9
1370167839681;1.370167839615E9
1370167839756;1.370167839517E9
1370167839778;1.370167838879E9
1370167839896;1.37016783873E9
1370167839910;1.370167839252E9
1370167839959;1.370167839925E9
1370167840101;1.370167840078E9
1370167840836;1.370167840835E9
1370167841213;1.370167841109E9
1370167841236;1.370167841103E9
1370167841603;1.370167841266E9
1370167841635;1.37016784163E9
1370167842131;1.370167842043E9
1370167842863;1.370167842653E9
1370167843062;1.370167843062E9
1370167843214;1.370167843019E9
1370167843265;1.370167843246E9
1370167844218;1.370167844023E9
1370167844429;1.370167844158E9
1370167844470;1.370167843872E9
1370167844979;1.370167844929E9
1370167845000;1.370167844866E9
1370167845492;1.37016784536E9
1370167845543;1.370167845528E9
1370167845568;1.370167845567E9
1370167845669;1.370167845623E9
1370167845784;1.370167845737E9
1370167845930;1.370167845656E9
1370167845953;1.370167845948E9
1370167846311;1.370167846106E9
1370167846425;1.370167846392E9
1370167846741;1.370167846636E9
1370167847265;1.370167847215E9
1370167847373;1.370167846358E9
1370167847595;1.370167847534E9
1370167847624;1.370167847613E9
1370167848017;1.370167847917E9
1370167848083;1.37016784788E9
1370167848430;1.370167847933E9
1370167848563;1.370167848518E9
1370167848721;1.370167848635E9
1370167848954;1.370167848899E9
1370167849016;1.370167848335E9
1370167849072;1.370167848215E9
1370167849172;1.37016784902E9
1370167849267;1.370167849247E9
1370167849390;1.370167849318E9
1370167849398;1.37016784932E9
1370167849617;1.370167849536E9
1370167849752;1.37016784975E9
1370167849855;1.370167849729E9
1370167849964;1.370167849912E9
1370167850093;1.37016785E9
1370167850099;1.37016785002E9
1370167850106;1.37016784999E9
1370167850268;1.370167850143E9
1370167850466;1.370167850153E9
1370167850490;1.370167850377E9
1370167850805;1.370167850803E9
1370167850848;1.370167850847E9
1370167851178;1.370167850987E9
1370167851277;1.370167851078E9
1370167851573;1.370167851424E9
1370167851708;1.370167851585E9
1370167852019;1.370167851836E9
1370167852023;1.3701678519E9
1370167852073;1.370167852056E9
1370167852497;1.370167852238E9
1370167852536;1.370167852217E9
1370167852674;1.370167852654E9
1370167852718;1.370167852716E9
1370167853258;1.370167853161E9
1370167853391;1.370167853341E9
1370167853397;1.370167853267E9
1370167853606;1.37016785358E9
1370167853690;1.370167853513E9
1370167853913;1.370167853839E9
1370167853994;1.370167853879E9
1370167854023;1.370167853985E9
1370167854275;1.370167854143E9
1370167854334;1.37016785424E9
1370167854349;1.370167854349E9
1370167854591;1.370167854584E9
1370167854644;1.370167854567E9
1370167854845;1.370167854812E9
1370167854879;1.370167854391E9
1370167855030;1.37016785503E9
1370167855207;1.370167855133E9
1370167855223;1.370167854559E9
1370167855270;1.370167854944E9
1370167855692;1.370167855553E9
1370167856012;1.370167855718E9
1370167856190;1.370167856189E9
1370167856620;1.370167856493E9
1370167856878;1.370167856645E9
1370167857091;1.37016785709E9
1370167857768;1.370167857511E9
1370167857834;1.37016785769E9
1370167858062;1.370167857974E9
1370167858343;1.370167858341E9
1370167858477;1.370167858391E9
1370167858862;1.370167858806E9
1370167859213;1.370167859157E9
1370167859468;1.370167859257E9
1370167859671;1.370167859513E9
1370167860035;1.370167859156E9
1370167860060;1.370167859583E9
1370167860119;1.370167860044E9
1370167860177;1.370167860165E9
1370167860243;1.370167860156E9
1370167860557;1.370167860523E9
1370167860665;1.37016786066E9
1370167860696;1.370167860595E9
1370167860771;1.370167860769E9
1370167860912;1.370167860809E9
1370167861000;1.370167860991E9
1370167861265;1.370167861194E9
1370167861510;1.3701678615E9
1370167861630;1.370167861536E9
1370167861683;1.370167861647E9
1370167862480;1.370167862385E9
1370167862584;1.370167862257E9
1370167862827;1.370167862648E9
1370167863084;1.370167863049E9
1370167863361;1.370167863012E9
1370167863557;1.370167863502E9
1370167863967;1.370167863771E9
1370167864533;1.37016786425E9
1370167864708;1.37016786443E9
1370167864774;1.370167863726E9
1370167864789;1.370167864786E9
1370167865091;1.370167865082E9
1370167865291;1.370167865176E9
1370167865483;1.370167865413E9
1370167865858;1.370167865802E9
1370167866206;1.370167865722E9
1370167866440;1.370167866323E9
1370167866517;1.370167866506E9
1370167866652;1.370167866629E9
1370167866916;1.370167866749E9
1370167866981;1.370167866924E9
1370167867109;1.370167867105E9
1370167867312;1.37016786713E9
1370167867314;1.370167867245E9
1370167867367;1.370167867336E9
1370167867524;1.370167867402E9
1370167867763;1.370167867733E9
1370167868514;1.370167868479E9
1370167868851;1.370167868595E9
1370167868932;1.370167868578E9
1370167869190;1.370167869127E9
1370167869210;1.370167868606E9
1370167869327;1.370167869326E9
1370167869436;1.370167869024E9
1370167869502;1.370167869238E9
1370167869557;1.370167869548E9
1370167869643;1.370167868876E9
1370167870019;1.370167869906E9
1370167870143;1.370167869143E9
1370167870157;1.370167869417E9
1370167870162;1.370167869838E9
1370167870481;1.370167869752E9
1370167870717;1.370167870712E9
1370167870855;1.370167870825E9
1370167871165;1.370167871041E9
1370167871421;1.370167871378E9
1370167871448;1.370167871361E9
1370167871696;1.370167871629E9
1370167871792;1.370167871735E9
1370167871829;1.370167871723E9
1370167872117;1.370167872106E9
1370167872384;1.370167871883E9
1370167872393;1.370167872166E9
1370167872426;1.370167872421E9
1370167872458;1.370167872409E9
1370167872643;1.370167872488E9
1370167872651;1.370167872573E9
1370167872817;1.370167872615E9
1370167872872;1.37016787286E9
1370167873374;1.37016787313E9
1370167873423;1.370167873289E9
1370167873534;1.370167873529E9
1370167873653;1.37016787358E9
1370167873788;1.370167873742E9
1370167873828;1.370167873813E9
1370167874555;1.370167873811E9
1370167874661;1.37016787462E9
1370167875214;1.370167875124E9
1370167875976;1.370167875963E9
1370167876571;1.37016787627E9
1370167876612;1.370167876603E9
1370167876645;1.370167876622E9
1370167876777;1.370167876665E9
1370167876843;1.370167876806E9
1370167877228;1.370167877171E9
1370167877370;1.370167877369E9
1370167877685;1.370167877429E9
1370167877723;1.37016787745E9
1370167877916;1.370167877535E9
1370167878033;1.370167877959E9
1370167878132;1.370167878037E9
1370167878142;1.370167877065E9
1370167878159;1.370167878158E9
1370167878319;1.370167878175E9
1370167878539;1.370167878415E9
1370167878707;1.370167878585E9
1370167878808;1.370167878808E9
1370167879147;1.370167879094E9
1370167879230;1.370167879214E9
1370167879297;1.370167879259E9
1370167879451;1.370167879354E9
1370167879544;1.370167879377E9
1370167879866;1.370167879851E9
1370167880183;1.37016788008E9
1370167880376;1.37016787995E9
1370167880509;1.370167880391E9
1370167880542;1.37016788046E9
1370167880735;1.370167880726E9
1370167880799;1.370167880687E9
1370167880924;1.370167880668E9
1370167881098;1.370167879925E9
1370167881210;1.370167881205E9
1370167881455;1.370167881453E9
1370167881514;1.370167881449E9
1370167882179;1.370167882072E9
1370167882550;1.370167882249E9
1370167882604;1.370167882237E9
1370167882825;1.370167882818E9
1370167882935;1.370167882743E9
1370167882939;1.370167882647E9
1370167882989;1.370167882686E9
1370167883268;1.370167883252E9
1370167883753;1.370167883589E9
1370167883828;1.37016788361E9
1370167884245;1.370167883945E9
1370167884439;1.37016788435E9
1370167884485;1.370167884385E9
1370167884508;1.370167884391E9
1370167884755;1.370167884651E9
1370167884758;1.370167884698E9
1370167884864;1.37016788484E9
1370167885469;1.370167885469E9
1370167885567;1.370167885386E9
1370167885704;1.370167885398E9
1370167885816;1.370167885816E9
1370167885925;1.37016788592E9
1370167886090;1.37016788584E9
1370167886610;1.37016788654E9
1370167886810;1.370167886808E9
1370167886883;1.370167886817E9
1370167887142;1.370167886996E9
1370167887671;1.370167887566E9
1370167888057;1.370167887289E9
1370167888119;1.370167888094E9
1370167888222;1.370167888062E9
1370167888296;1.370167888196E9
1370167888357;1.370167888142E9
1370167888365;1.370167887945E9
1370167888410;1.370167888307E9
1370167888809;1.37016788872E9
1370167889051;1.370167888857E9
1370167889178;1.370167889177E9
1370167889195;1.370167889089E9
1370167889295;1.370167889293E9
1370167889513;1.370167889487E9
1370167889645;1.370167889642E9
1370167889906;1.370167889888E9
1370167890012;1.370167889898E9
1370167890267;1.370167890023E9
1370167890688;1.370167890048E9
1370167890976;1.370167890914E9
1370167891820;1.370167891815E9
1370167891933;1.370167891778E9
1370167892455;1.370167892319E9
1370167892739;1.370167892704E9
1370167892798;1.370167892632E9
1370167892912;1.370167892639E9
1370167893115;1.370167893092E9
1370167893315;1.37016789328E9
1370167893760;1.370167893597E9
1370167893875;1.370167893835E9
1370167893962;1.370167893421E9
1370167894013;1.370167894012E9
1370167894149;1.370167894043E9
1370167894343;1.370167894233E9
1370167894413;1.370167894216E9
1370167894518;1.370167894472E9
1370167894702;1.370167894571E9
1370167894925;1.37016789488E9
1370167895443;1.370167895435E9
1370167895670;1.370167895498E9
1370167896558;1.370167896553E9
1370167896618;1.370167896534E9
1370167896867;1.370167896855E9
1370167896873;1.3701678967E9
1370167897407;1.370167897364E9
1370167897526;1.370167897339E9
1370167897593;1.370167897588E9
1370167897717;1.370167897664E9
1370167897893;1.370167897815E9
1370167898130;1.370167898096E9
1370167898244;1.37016789824E9
1370167898786;1.370167898437E9
1370167898874;1.370167898711E9
1370167899237;1.370167899225E9
1370167899238;1.370167899037E9
1370167899240;1.370167899186E9
1370167899433;1.370167899033E9
1370167899573;1.370167899285E9
1370167899617;1.370167899472E9
1370167899672;1.370167899639E9
1370167900021;1.370167899882E9
1370167900039;1.370167899936E9
1370167900119;1.370167899924E9
1370167900235;1.370167900171E9
1370167900643;1.370167900537E9
1370167900801;1.370167900755E9
1370167901129;1.370167901033E9
1370167901150;1.370167900925E9
1370167901332;1.370167900743E9
1370167901534;1.37016790147E9
1370167901542;1.370167901437E9
1370167901565;1.370167901564E9
1370167902006;1.370167901567E9
1370167902084;1.370167901547E9
1370167902226;1.370167901645E9
1370167902322;1.370167902083E9
1370167902493;1.37016790168E9
1370167902592;1.370167901726E9
1370167902908;1.370167902841E9
1370167903406;1.370167903282E9
1370167903414;1.370167903346E9
1370167903631;1.370167903029E9
1370167903771;1.370167903049E9
1370167904003;1.370167903439E9
1370167904053;1.370167903785E9
1370167904396;1.37016790384E9
1370167904499;1.370167904453E9
1370167904693;1.370167904627E9
1370167904739;1.370167904736E9
1370167905145;1.370167904907E9
1370167905601;1.370167905534E9
1370167905862;1.370167905835E9
1370167905904;1.370167905883E9
1370167906161;1.370167906156E9
1370167906175;1.370167906174E9
1370167906364;1.370167906264E9
1370167906958;1.370167906938E9
1370167906968;1.370167906963E9
1370167907256;1.370167907154E9
1370167907327;1.370167907285E9
1370167907496;1.370167907488E9
1370167907672;1.370167907592E9
1370167907815;1.370167907795E9
1370167907902;1.370167907897E9
1370167908434;1.370167908384E9
1370167908835;1.370167908629E9
1370167908985;1.370167908882E9
1370167909025;1.370167908619E9
1370167909058;1.370167908838E9
1370167909673;1.370167909304E9
1370167909674;1.370167909379E9
1370167909930;1.370167909898E9
1370167909936;1.370167909145E9
1370167909965;1.37016790994E9
1370167910677;1.37016791061E9
1370167910839;1.370167910428E9
1370167911088;1.370167910937E9
1370167911472;1.370167911386E9
1370167911566;1.370167911318E9
1370167911836;1.370167911774E9
1370167911893;1.370167911732E9
1370167912115;1.370167911966E9
1370167912160;1.37016791213E9
1370167912637;1.3701679121E9
1370167913021;1.370167913001E9
1370167913054;1.370167912407E9
1370167913143;1.37016791314E9
1370167913434;1.370167913326E9
1370167913692;1.370167912683E9
1370167913734;1.370167913625E9
1370167913819;1.370167913453E9
1370167913985;1.37016791392E9
1370167913995;1.370167913841E9
1370167914064;1.370167914055E9
1370167914131;1.370167914078E9
1370167914540;1.370167913847E9
1370167914826;1.370167914476E9
1370167914860;1.370167913855E9
1370167914938;1.37016791491E9
1370167915052;1.370167914442E9
1370167915218;1.370167914971E9
1370167915226;1.370167915183E9
1370167915555;1.370167915437E9
1370167915589;1.370167915577E9
1370167915774;1.370167915754E9
1370167915978;1.370167915841E9
1370167916222;1.37016791615E9
1370167916688;1.370167916637E9
1370167916873;1.370167916437E9
1370167917036;1.370167916875E9
1370167917105;1.370167917051E9
1370167917217;1.370167916857E9
1370167917314;1.370167917174E9
1370167917440;1.370167917439E9
1370167917495;1.370167917485E9
1370167917517;1.370167917512E9
1370167917805;1.370167917533E9
1370167917838;1.370167917679E9
1370167917856;1.370167917846E9
1370167917926;1.370167917901E9
1370167918767;1.37016791837E9
1370167918798;1.370167918742E9
1370167918981;1.370167918092E9
1370167919268;1.370167918532E9
1370167919450;1.37016791945E9
1370167919710;1.370167917883E9
1370167919776;1.370167919119E9
1370167919787;1.370167919042E9
1370167920036;1.37016791995E9
1370167920359;1.370167920079E9
1370167920496;1.370167919868E9
1370167920691;1.370167920128E9
1370167920818;1.370167920726E9
1370167920978;1.370167920326E9
1370167921146;1.370167919496E9
1370167922010;1.370167921799E9
1370167922024;1.370167921959E9
1370167922114;1.370167922107E9
1370167922217;1.370167921962E9
1370167922297;1.370167921892E9
1370167922482;1.370167922332E9
1370167922730;1.370167922725E9
1370167922797;1.370167921848E9
1370167923105;1.370167922446E9
1370167923122;1.370167922975E9
1370167923248;1.370167923239E9
1370167923472;1.370167921564E9
1370167923556;1.370167923477E9
1370167924057;1.370167923956E9
1370167924520;1.370167924409E9
1370167924568;1.370167924486E9
1370167925108;1.370167925005E9
1370167925326;1.370167925257E9
1370167925706;1.370167925645E9
1370167926056;1.370167926049E9
1370167926605;1.370167926418E9
1370167927035;1.370167927035E9
1370167927252;1.370167926623E9
1370167927469;1.370167926659E9
1370167927989;1.37016792784E9
1370167928033;1.37016792801E9
1370167928105;1.37016792807E9
1370167928166;1.370167927901E9
1370167928437;1.37016792834E9
1370167928527;1.370167928321E9
1370167928936;1.370167928815E9
1370167929265;1.370167929205E9
1370167929448;1.370167929448E9
1370167929490;1.370167929472E9
1370167929609;1.370167929596E9
1370167929827;1.370167929698E9
1370167929863;1.370167929442E9
1370167930227;1.370167929637E9
1370167930425;1.37016793042E9
1370167930606;1.370167929951E9
1370167930719;1.370167930693E9
1370167930733;1.370167930495E9
1370167930768;1.370167930289E9
1370167930949;1.370167930911E9
1370167931298;1.370167931157E9
1370167931317;1.370167930982E9
1370167931503;1.370167931105E9
1370167932316;1.370167931898E9
1370167932516;1.37016793173E9
1370167932601;1.370167931616E9
1370167933107;1.370167932904E9
1370167933136;1.370167932925E9
1370167933392;1.370167933276E9
1370167933576;1.370167933474E9
1370167933639;1.370167933629E9
1370167933718;1.370167933254E9
1370167933777;1.370167933754E9
1370167933989;1.370167933961E9
1370167934052;1.370167933859E9
1370167934326;1.370167934244E9
1370167934551;1.370167934439E9
1370167934569;1.370167934436E9
1370167934977;1.370167934626E9
1370167935069;1.37016793468E9
1370167935102;1.370167935099E9
1370167935438;1.370167934621E9
1370167935504;1.370167935416E9
1370167935719;1.370167935545E9
1370167936332;1.370167936034E9
1370167936379;1.370167936214E9
1370167936666;1.370167936522E9
1370167936732;1.370167936416E9
1370167936812;1.37016793679E9
1370167937118;1.370167937049E9
1370167937149;1.370167937122E9
1370167937162;1.370167936947E9
1370167937379;1.370167937366E9
1370167937398;1.370167937078E9
1370167937575;1.370167937356E9
1370167937599;1.370167937343E9
1370167937624;1.370167937587E9
1370167937630;1.370167937204E9
1370167937900;1.370167937721E9
1370167938075;1.370167938074E9
1370167938240;1.370167938199E9
1370167938255;1.370167938246E9
1370167938268;1.370167938002E9
1370167939199;1.370167939142E9
1370167939434;1.370167939353E9
1370167939820;1.370167939805E9
1370167940076;1.370167940064E9
1370167940130;1.370167940037E9
1370167940436;1.370167940328E9
1370167940539;1.370167940516E9
1370167940577;1.370167940547E9
1370167940598;1.370167940525E9
1370167940783;1.370167940783E9
1370167941155;1.370167941061E9
1370167941330;1.370167941266E9
1370167941343;1.370167941336E9
1370167941709;1.370167941659E9
1370167941791;1.370167941225E9
1370167942185;1.370167942098E9
1370167942428;1.370167942346E9
1370167942592;1.370167942505E9
1370167942799;1.370167942713E9
1370167943580;1.370167943247E9
1370167943743;1.370167943161E9
1370167943773;1.370167943753E9
1370167943923;1.370167943906E9
1370167944143;1.370167944115E9
1370167944310;1.370167944163E9
1370167944396;1.370167944232E9
1370167944480;1.370167944242E9
1370167944573;1.370167944518E9
1370167944622;1.370167944554E9
1370167945161;1.370167945138E9
1370167945217;1.370167944994E9
1370167945295;1.370167945276E9
1370167945354;1.370167945317E9
1370167945561;1.37016794556E9
1370167945601;1.370167945497E9
1370167946288;1.370167945924E9
1370167946291;1.370167945698E9
1370167946299;1.370167946269E9
1370167946303;1.37016794615E9
1370167946443;1.37016794644E9
1370167946841;1.370167946373E9
1370167947385;1.370167946709E9
1370167947614;1.370167946432E9
1370167947642;1.370167947125E9
1370167947650;1.370167946525E9
1370167947717;1.370167947175E9
1370167947755;1.370167947344E9
1370167947757;1.370167947514E9
1370167948889;1.370167948884E9
1370167948896;1.370167948859E9
1370167949021;1.37016794898E9
1370167949342;1.370167949337E9
1370167949673;1.370167949627E9
1370167950477;1.370167950062E9
1370167950783;1.370167949737E9
1370167950816;1.370167949789E9
1370167951534;1.370167951534E9
1370167951640;1.370167951013E9
1370167951917;1.3701679496E9
1370167951918;1.370167951778E9
1370167952295;1.370167951921E9
1370167952371;1.370167952369E9
1370167952512;1.370167951479E9
1370167952563;1.370167952224E9
1370167952588;1.370167950769E9
1370167952605;1.37016794995E9
1370167952763;1.370167951656E9
1370167953177;1.370167953028E9
1370167953458;1.370167953357E9
1370167953579;1.370167953503E9
1370167953674;1.370167953666E9
1370167953864;1.370167953088E9
1370167954286;1.370167953827E9
1370167954583;1.370167954562E9
1370167954720;1.370167953005E9
1370167954809;1.370167954426E9
1370167955396;1.370167955392E9
1370167955736;1.370167955506E9
1370167955967;1.370167955718E9
1370167956168;1.370167955478E9
1370167956943;1.370167956728E9
1370167957592;1.370167957587E9
1370167957699;1.370167957679E9
1370167958208;1.370167958082E9
1370167958358;1.370167958295E9
1370167958660;1.37016795863E9
1370167958895;1.370167958894E9
1370167958902;1.37016795867E9
1370167959054;1.370167958765E9
1370167959293;1.370167958941E9
1370167959363;1.370167959267E9
1370167959638;1.370167958874E9
1370167959760;1.370167959269E9
1370167960024;1.370167959924E9
1370167960139;1.370167959691E9
1370167960233;1.370167960188E9
1370167960485;1.37016796044E9
1370167960602;1.370167960387E9
1370167960614;1.370167959116E9
1370167960871;1.37016796087E9
1370167961608;1.370167961183E9
1370167961703;1.370167961049E9
1370167961852;1.37016796173E9
1370167962167;1.370167962046E9
1370167962346;1.370167962268E9
1370167962559;1.370167962422E9
1370167962735;1.370167962701E9
1370167962919;1.370167962878E9
1370167963000;1.370167962927E9
1370167963699;1.370167963369E9
1370167963746;1.370167963707E9
1370167963982;1.370167963981E9
1370167964036;1.370167963391E9
1370167964254;1.370167963754E9
1370167964337;1.370167964263E9
1370167964411;1.370167964406E9
1370167964585;1.370167964462E9
1370167964756;1.370167964756E9
1370167965175;1.370167965042E9
1370167965266;1.370167964636E9
1370167965556;1.370167964695E9
1370167965839;1.370167965669E9
1370167966257;1.37016796606E9
1370167966297;1.370167966218E9
1370167966509;1.3701679663E9
1370167966573;1.370167966241E9
1370167966859;1.370167966692E9
1370167967429;1.370167967293E9
1370167967804;1.370167967802E9
1370167968171;1.370167968088E9
1370167968497;1.37016796846E9
1370167968725;1.370167968693E9
1370167968798;1.370167968777E9
1370167969047;1.370167969042E9
1370167969213;1.37016796906E9
1370167969906;1.370167969467E9
1370167970010;1.370167969955E9
1370167970078;1.370167970063E9
1370167970645;1.370167970615E9
1370167970779;1.370167970763E9
1370167971430;1.37016797139E9
1370167971451;1.370167971369E9
1370167972176;1.370167971966E9
1370167973099;1.370167972962E9
1370167973244;1.370167973229E9
1370167973421;1.370167973421E9
1370167973942;1.370167973923E9
1370167974604;1.370167974581E9
1370167975054;1.370167974878E9
1370167975218;1.370167974975E9
1370167975310;1.370167975014E9
1370167975362;1.370167974859E9
1370167975629;1.370167975503E9
1370167975734;1.370167975314E9
1370167975899;1.370167975855E9
1370167975941;1.370167975793E9
1370167976069;1.370167976015E9
1370167976330;1.370167976277E9
1370167976580;1.370167976338E9
1370167976640;1.370167976599E9
1370167976758;1.370167976747E9
1370167977043;1.370167976965E9
1370167977442;1.370167977086E9
1370167977714;1.37016797761E9
1370167977878;1.370167977731E9
1370167977902;1.37016797781E9
1370167977979;1.370167977597E9
1370167978087;1.370167977488E9
1370167978264;1.370167977326E9
1370167978336;1.370167978281E9
1370167978747;1.370167978724E9
1370167978868;1.370167978654E9
1370167979003;1.370167978754E9
1370167979244;1.370167978938E9
1370167979443;1.370167979438E9
1370167979499;1.370167979199E9
1370167979677;1.370167979642E9
1370167980261;1.370167980226E9
1370167980293;1.370167980229E9
1370167980432;1.370167980412E9
1370167980825;1.37016798081E9
1370167981158;1.370167980659E9
1370167981239;1.37016798121E9
1370167981247;1.370167980613E9
1370167981268;1.370167980608E9
1370167982162;1.370167982075E9
1370167982337;1.370167982261E9
1370167983033;1.370167982963E9
1370167983084;1.370167983044E9
1370167983424;1.37016798336E9
1370167983674;1.370167983544E9
1370167983688;1.370167983476E9
1370167983967;1.370167983947E9
1370167984458;1.370167984332E9
1370167984486;1.370167984484E9
1370167984645;1.370167984632E9
1370167984897;1.370167984897E9
1370167984997;1.370167984996E9
1370167985016;1.37016798498E9
1370167985520;1.370167985494E9
1370167985604;1.370167985359E9
1370167985945;1.37016798573E9
1370167986038;1.37016798593E9
1370167986134;1.370167985905E9
1370167986188;1.370167986024E9
1370167986202;1.370167986102E9
1370167987117;1.370167987004E9
1370167987488;1.370167987134E9
1370167987628;1.370167987411E9
1370167987644;1.370167987003E9
1370167987660;1.370167987632E9
1370167987920;1.370167987772E9
1370167988412;1.370167988293E9
1370167988479;1.370167988314E9
1370167988763;1.370167988053E9
1370167988973;1.370167988971E9
1370167988987;1.370167988947E9
1370167989365;1.370167989318E9
1370167989986;1.370167989847E9
1370167989995;1.370167989963E9
1370167990014;1.370167989836E9
1370167990186;1.37016799014E9
1370167990279;1.370167990251E9
1370167990324;1.370167990323E9
1370167990637;1.370167990505E9
1370167990672;1.370167990667E9
1370167990823;1.370167990619E9
1370167990850;1.370167990513E9
1370167991079;1.37016799106E9
1370167991418;1.370167991155E9
1370167991921;1.37016799192E9
1370167992182;1.370167992123E9
1370167992426;1.370167992415E9
1370167992698;1.370167992496E9
1370167992711;1.37016799262E9
1370167992849;1.370167992753E9
1370167993405;1.370167993081E9
1370167993980;1.370167993536E9
1370167994096;1.370167993812E9
1370167994631;1.370167993617E9
1370167995046;1.370167994107E9
1370167995135;1.370167994128E9
1370167995310;1.370167994302E9
1370167995399;1.370167994126E9
1370167995427;1.370167995081E9
1370167995464;1.370167994953E9
1370167995580;1.370167994019E9
1370167996053;1.370167995256E9
1370167996080;1.370167993213E9
1370167996226;1.370167996195E9
1370167996235;1.370167995761E9
1370167996325;1.370167996298E9
1370167996658;1.370167996525E9
1370167996692;1.370167996416E9
1370167996697;1.370167996483E9
1370167997472;1.370167996897E9
1370167997597;1.370167997389E9
1370167997716;1.370167997683E9
1370167998602;1.370167998197E9
1370167998657;1.370167998203E9
1370167999027;1.370167998215E9
1370167999237;1.370167998967E9
1370167999597;1.370167999437E9
1370167999832;1.370167999346E9
1370167999892;1.370167999192E9
1370167999939;1.370167999914E9
1370168000060;1.370168000059E9
1370168000073;1.370168000011E9
1370168000150;1.370167999482E9
1370168000874;1.3701680008E9
1370168001062;1.370168001023E9
1370168001613;1.37016800153E9
1370168001772;1.370168001762E9
1370168002080;1.370168001863E9
1370168002188;1.370168002085E9
1370168002402;1.370168002314E9
1370168002403;1.37016800237E9
1370168002550;1.370168002243E9
1370168002677;1.37016800239E9
1370168002993;1.37016800268E9
1370168003466;1.370168003438E9
1370168003626;1.370168003582E9
1370168003686;1.370168003664E9
1370168003731;1.370168003706E9
1370168004261;1.370168004256E9
1370168004801;1.370168004542E9
1370168004805;1.370168004034E9
1370168004852;1.370168004766E9
1370168004987;1.370168004196E9
1370168005057;1.370168004824E9
1370168005391;1.37016800525E9
1370168005403;1.370168005336E9
1370168005559;1.370168005541E9
1370168005771;1.370168005674E9
1370168005914;1.370168005786E9
1370168006393;1.37016800623E9
1370168006475;1.370168005651E9
1370168006762;1.370168006448E9
1370168007128;1.370168007128E9
1370168007414;1.370168005746E9
1370168007468;1.370168006943E9
1370168007556;1.370168007141E9
1370168008148;1.37016800743E9
1370168008170;1.370168008169E9
1370168008690;1.370168008674E9
1370168008933;1.370168008819E9
1370168009107;1.370168009069E9
1370168009681;1.370168009563E9
1370168009779;1.370168009569E9
1370168009810;1.370168009754E9
1370168009901;1.370168009869E9
1370168010273;1.37016801004E9
1370168010597;1.370168010594E9
1370168010697;1.370168010579E9
1370168010708;1.370168010014E9
1370168010758;1.370168010095E9
1370168010872;1.370168010867E9
1370168010898;1.370168010412E9
1370168010981;1.370168010956E9
1370168011214;1.370168009952E9
1370168011535;1.37016801119E9
1370168011537;1.370168011414E9
1370168011558;1.370168011538E9
1370168011648;1.370168011593E9
1370168011870;1.370168011785E9
1370168011894;1.370168011871E9
1370168012207;1.370168012161E9
1370168013122;1.370168012846E9
1370168013276;1.370168012925E9
1370168013415;1.37016801248E9
1370168013768;1.3701680125E9
1370168013781;1.370168013632E9
1370168013813;1.370168013685E9
1370168014195;1.370168014012E9
1370168014241;1.37016801424E9
1370168014374;1.370168014238E9
1370168014427;1.370168014423E9
1370168014866;1.370168014788E9
1370168014939;1.370168014934E9
1370168015074;1.370168015028E9
1370168015092;1.370168014978E9
1370168015252;1.370168015157E9
1370168015660;1.3701680155E9
1370168015925;1.370168015739E9
1370168016021;1.37016801602E9
1370168016065;1.370168015976E9
1370168016253;1.370168016242E9
1370168016534;1.370168016358E9
1370168016615;1.370168016392E9
1370168016630;1.370168016518E9
1370168017086;1.370168016882E9
1370168017312;1.370168017161E9
1370168017421;1.370168016935E9
1370168017545;1.370168017333E9
1370168017647;1.3701680176E9
1370168017876;1.370168017856E9
1370168017942;1.370168017898E9
1370168018001;1.370168017953E9
1370168018213;1.370168017775E9
1370168018270;1.370168017992E9
1370168018563;1.370168018461E9
1370168018831;1.370168018679E9
1370168019028;1.370168019028E9
1370168019067;1.370168019054E9
1370168019135;1.370168019012E9
1370168019202;1.370168019116E9
1370168019726;1.370168019678E9
1370168020180;1.370168020001E9
1370168020490;1.370168019924E9
1370168020653;1.370168020631E9
1370168020815;1.370168020805E9
1370168020861;1.37016802041E9
1370168022137;1.370168021723E9
1370168022226;1.370168022204E9
1370168022959;1.37016802292E9
1370168023044;1.370168022758E9
1370168023072;1.37016802274E9
1370168023189;1.370168023139E9
1370168023559;1.370168023457E9
1370168023903;1.370168023861E9
1370168024101;1.370168023985E9
1370168024300;1.370168024127E9
1370168024583;1.370168024582E9
1370168025013;1.370168024941E9
1370168025167;1.370168025164E9
1370168025192;1.370168024741E9
1370168025366;1.370168025366E9
1370168025630;1.370168025534E9
1370168025688;1.370168025622E9
1370168025744;1.370168025709E9
1370168025836;1.370168025816E9
1370168025846;1.370168025805E9
1370168026239;1.370168026234E9
1370168026596;1.370168026433E9
1370168026628;1.370168026389E9
1370168026653;1.37016802663E9
1370168026961;1.37016802691E9
1370168027242;1.370168027163E9
1370168027461;1.370168027414E9
1370168027674;1.370168027642E9
1370168027742;1.370168027712E9
1370168027960;1.370168027795E9
1370168028105;1.370168027979E9
1370168028516;1.370168028253E9
1370168028728;1.370168028726E9
1370168028749;1.370168028563E9
1370168028972;1.370168028942E9
1370168029096;1.370168028873E9
1370168029226;1.370168029223E9
1370168029252;1.370168029192E9
1370168029465;1.370168029211E9
1370168029576;1.370168029515E9
1370168029851;1.370168029811E9
1370168030148;1.37016802999E9
1370168030300;1.370168030275E9
1370168030331;1.370168030323E9
1370168030418;1.370168030395E9
1370168030558;1.370168030557E9
1370168030605;1.370168030573E9
1370168030648;1.370168030647E9
1370168030841;1.370168030755E9
1370168031348;1.370168031181E9
1370168031567;1.370168031527E9
1370168032257;1.370168031991E9
1370168032920;1.370168032543E9
1370168032967;1.370168032735E9
1370168033721;1.370168033449E9
1370168033752;1.370168033475E9
1370168033915;1.370168033705E9
1370168033918;1.370168033845E9
1370168034861;1.370168034806E9
1370168035044;1.370168034556E9
1370168035205;1.370168035102E9
1370168035851;1.370168035777E9
1370168036203;1.370168035933E9
1370168036316;1.370168036316E9
1370168036435;1.37016803641E9
1370168036648;1.370168036597E9
1370168036726;1.370168036696E9
1370168037219;1.370168037172E9
1370168037617;1.370168037551E9
1370168037663;1.370168037595E9
1370168038080;1.370168037887E9
1370168038560;1.370168038468E9
1370168038641;1.370168038606E9
1370168038765;1.370168038504E9
1370168038874;1.370168038844E9
1370168038927;1.37016803891E9
1370168039109;1.370168039073E9
1370168039186;1.370168039082E9
1370168039319;1.370168039298E9
1370168039478;1.37016803937E9
1370168039881;1.37016803976E9
1370168039882;1.370168039833E9
1370168039971;1.370168039895E9
1370168040014;1.370168039996E9
1370168040262;1.370168040227E9
1370168040663;1.370168040536E9
1370168041209;1.37016804093E9
1370168041329;1.370168040807E9
1370168041558;1.370168041423E9
1370168041657;1.37016804089E9
1370168041666;1.370168041568E9
1370168042646;1.370168042549E9
1370168043310;1.370168043254E9
1370168043419;1.370168043394E9
1370168043423;1.370168043335E9
1370168043624;1.370168043447E9
1370168043647;1.370168043178E9
1370168043759;1.370168043759E9
1370168043806;1.370168043805E9
1370168043887;1.370168043847E9
1370168043939;1.370168043893E9
1370168044174;1.370168044128E9
1370168044324;1.370168044303E9
1370168044571;1.370168044476E9
1370168044605;1.370168044156E9
1370168044652;1.37016804465E9
1370168044895;1.370168044779E9
1370168045036;1.370168045011E9
1370168045213;1.370168045109E9
1370168045773;1.370168045699E9
1370168045942;1.370168045935E9
1370168046097;1.370168046046E9
1370168046304;1.37016804617E9
1370168046311;1.370168046258E9
1370168046435;1.370168046326E9
1370168046750;1.370168046675E9
1370168046796;1.370168046624E9
1370168046941;1.370168046874E9
1370168047308;1.370168047282E9
1370168047641;1.3701680475E9
1370168047723;1.370168047696E9
1370168047772;1.370168047628E9
1370168047807;1.370168047784E9
1370168047985;1.370168047926E9
1370168048006;1.370168047999E9
1370168048130;1.37016804813E9
1370168048141;1.370168048124E9
1370168048284;1.370168048249E9
1370168048513;1.370168048481E9
1370168048628;1.370168048345E9
1370168049096;1.370168049065E9
1370168049343;1.370168049053E9
1370168049365;1.37016804931E9
1370168049367;1.370168048857E9
1370168049402;1.370168048923E9
1370168049529;1.370168048822E9
1370168049676;1.370168049533E9
1370168050114;1.370168050109E9
1370168050181;1.370168050143E9
1370168050457;1.370168050435E9
1370168050600;1.37016805053E9
1370168050642;1.370168050536E9
1370168051345;1.370168050978E9
1370168051364;1.370168050744E9
1370168051545;1.370168051055E9
1370168051802;1.370168050797E9
1370168051862;1.370168050671E9
1370168052062;1.370168052019E9
1370168052330;1.370168052253E9
1370168053380;1.370168053186E9
1370168053442;1.370168053285E9
1370168053715;1.370168053684E9
1370168053718;1.370168053555E9
1370168053841;1.370168053467E9
1370168053968;1.370168053583E9
1370168054022;1.370168053214E9
1370168054110;1.37016805401E9
1370168054209;1.370168053326E9
1370168054444;1.370168054381E9
1370168054465;1.370168054419E9
1370168054491;1.370168053523E9
1370168054771;1.370168054588E9
1370168054919;1.370168054888E9
1370168055301;1.370168054994E9
1370168055323;1.370168055167E9
1370168055552;1.370168055341E9
1370168056044;1.370168055885E9
1370168056447;1.370168056087E9
1370168056478;1.370168056466E9
1370168056554;1.370168056105E9
1370168056972;1.370168056886E9
1370168057422;1.37016805734E9
1370168057875;1.370168057779E9
1370168058037;1.370168057732E9
1370168058219;1.370168057752E9
1370168058303;1.370168058298E9
1370168058408;1.370168058357E9
1370168059057;1.370168058738E9
1370168059357;1.370168059128E9
1370168059513;1.37016805945E9
1370168059663;1.370168059307E9
1370168059744;1.370168059647E9
1370168059811;1.370168059317E9
1370168059906;1.370168059821E9
1370168060281;1.370168060238E9
1370168060371;1.370168059952E9
1370168060529;1.37016806041E9
1370168060941;1.370168060922E9
1370168061064;1.370168061008E9
1370168061211;1.370168061163E9
1370168061713;1.370168061708E9
1370168061778;1.370168061744E9
1370168062263;1.370168062138E9
1370168062397;1.370168062384E9
1370168062504;1.370168062449E9
1370168062794;1.370168062763E9
1370168062880;1.37016806288E9
1370168063052;1.370168062952E9
1370168063143;1.37016806313E9
1370168063255;1.370168063239E9
1370168063684;1.370168063565E9
1370168063732;1.370168063329E9
1370168063829;1.37016806367E9
1370168063886;1.370168063789E9
1370168063930;1.370168063581E9
1370168063937;1.370168063889E9
1370168064617;1.370168064326E9
1370168064778;1.370168064776E9
1370168065077;1.370168064352E9
1370168065256;1.370168064679E9
1370168065352;1.370168064898E9
1370168065453;1.370168064815E9
1370168065455;1.370168065455E9
1370168065547;1.370168064513E9
1370168065795;1.37016806561E9
1370168065823;1.370168065672E9
1370168066049;1.370168066034E9
1370168066164;1.370168066066E9
1370168066500;1.370168066444E9
1370168066632;1.370168066395E9
1370168066775;1.370168066429E9
1370168067553;1.370168067552E9
1370168067775;1.370168067618E9
1370168068043;1.370168067575E9
1370168068135;1.370168068034E9
1370168068187;1.370168068026E9
1370168068318;1.370168067315E9
1370168068429;1.370168068424E9
1370168068506;1.370168067325E9
1370168068556;1.370168068242E9
1370168068587;1.370168067273E9
1370168068811;1.370168068639E9
1370168068864;1.370168068796E9
1370168068969;1.370168068969E9
1370168069190;1.370168068975E9
1370168069442;1.370168069352E9
1370168069454;1.370168069116E9
1370168069715;1.370168069349E9
1370168069983;1.37016806998E9
1370168070350;1.370168069825E9
1370168070377;1.370168069831E9
1370168070461;1.370168070188E9
1370168070935;1.370168070899E9
1370168071219;1.370168071218E9
1370168071316;1.370168071008E9
1370168071373;1.370168071016E9
1370168071488;1.370168070922E9
1370168071514;1.370168071111E9
1370168071570;1.370168070957E9
1370168071927;1.370168071302E9
1370168072066;1.370168071622E9
1370168072163;1.370168071737E9
1370168072372;1.370168071974E9
1370168072374;1.370168072296E9
1370168072750;1.37016807261E9
1370168072773;1.370168072773E9
1370168073022;1.370168072762E9
1370168073052;1.37016807305E9
1370168073267;1.370168072961E9
1370168073331;1.370168073169E9
1370168073608;1.37016807348E9
1370168073866;1.370168073818E9
1370168074135;1.370168074113E9
1370168074383;1.370168073938E9
1370168074459;1.370168074199E9
1370168074504;1.370168073889E9
1370168074749;1.370168074638E9
1370168074823;1.370168074822E9
1370168074902;1.370168074868E9
1370168075117;1.370168074935E9
1370168075147;1.370168074685E9
1370168075303;1.370168075302E9
1370168075360;1.370168075074E9
1370168075371;1.370168075296E9
1370168075425;1.370168075379E9
1370168076336;1.370168076218E9
1370168076835;1.370168076834E9
1370168076904;1.370168076116E9
1370168077049;1.370168076148E9
1370168077060;1.370168076761E9
1370168077294;1.370168077218E9
1370168077677;1.370168077582E9
1370168077754;1.370168077682E9
1370168077884;1.370168077819E9
1370168078106;1.370168077981E9
1370168078270;1.370168078216E9
1370168078770;1.370168078606E9
1370168078856;1.370168078255E9
1370168079055;1.37016807905E9
1370168079264;1.370168079124E9
1370168079683;1.370168079682E9
1370168079827;1.370168079728E9
1370168081406;1.370168081209E9
1370168081611;1.370168081462E9
1370168081871;1.370168081257E9
1370168081889;1.37016808122E9
1370168082060;1.370168081534E9
1370168082113;1.3701680813E9
1370168082453;1.370168082272E9
1370168082554;1.370168082384E9
1370168082705;1.370168082654E9
1370168082861;1.370168082787E9
1370168083080;1.370168082966E9
1370168083353;1.370168083274E9
1370168083448;1.370168083364E9
1370168083470;1.370168083404E9
1370168083868;1.370168083624E9
1370168083904;1.370168083902E9
1370168084141;1.370168083778E9
1370168084661;1.370168084224E9
1370168084832;1.370168084732E9
1370168085544;1.370168085482E9
1370168085547;1.370168085525E9
1370168086915;1.370168086873E9
1370168087004;1.370168086925E9
1370168087223;1.370168087199E9
1370168087284;1.370168087263E9
1370168087411;1.370168087311E9
1370168087424;1.370168087415E9
1370168087484;1.370168087402E9
1370168087532;1.370168087498E9
1370168087821;1.370168087821E9
1370168088092;1.370168088015E9
1370168088126;1.370168088056E9
1370168088199;1.370168087934E9
1370168088646;1.37016808862E9
1370168088825;1.370168088536E9
1370168088903;1.370168088475E9
1370168089532;1.37016808924E9
1370168089557;1.370168089554E9
1370168089560;1.370168089141E9
1370168090364;1.37016809024E9
1370168090546;1.3701680902E9
1370168090753;1.370168090723E9
1370168090864;1.370168090823E9
1370168091411;1.370168091387E9
1370168091475;1.37016809135E9
1370168091560;1.370168091549E9
1370168092132;1.370168091959E9
1370168092167;1.370168091868E9
1370168092249;1.370168092248E9
1370168092346;1.370168091931E9
1370168092620;1.37016809256E9
1370168093093;1.370168092863E9
1370168093146;1.370168093005E9
1370168093622;1.37016809336E9
1370168093691;1.37016809369E9
1370168093723;1.370168092976E9
1370168093819;1.370168093095E9
1370168094391;1.37016809429E9
1370168094461;1.370168094269E9
1370168094731;1.370168094524E9
1370168094897;1.370168094517E9
1370168094934;1.370168094462E9
1370168095188;1.37016809483E9
1370168095211;1.37016809521E9
1370168095453;1.37016809527E9
1370168095611;1.370168094812E9
1370168096166;1.370168096089E9
1370168096286;1.37016809622E9
1370168096320;1.370168096299E9
1370168096420;1.370168096314E9
1370168096482;1.370168096344E9
1370168096711;1.37016809668E9
1370168096847;1.370168096779E9
1370168097166;1.370168097052E9
1370168097290;1.370168097083E9
1370168097500;1.370168097478E9
1370168097539;1.370168097493E9
1370168097603;1.37016809757E9
1370168097987;1.370168097928E9
1370168098083;1.370168098075E9
1370168098175;1.370168098142E9
1370168098226;1.370168098206E9
1370168099026;1.370168098928E9
1370168099098;1.370168098905E9
1370168099235;1.370168099194E9
1370168099383;1.370168099336E9
1370168099755;1.370168099754E9
1370168099895;1.370168099726E9
1370168100221;1.370168100014E9
1370168100589;1.370168099553E9
1370168100639;1.37016810025E9
1370168100807;1.370168100662E9
1370168100937;1.370168100824E9
1370168101270;1.370168101166E9
1370168101326;1.370168100427E9
1370168101463;1.370168101283E9
1370168101775;1.370168101582E9
1370168102010;1.370168101559E9
1370168102149;1.370168101706E9
1370168102494;1.370168102303E9
1370168102818;1.370168102172E9
1370168103002;1.370168102314E9
1370168103168;1.370168101626E9
1370168103170;1.370168101951E9
1370168103376;1.370168103342E9
1370168103448;1.370168103402E9
1370168103508;1.370168103485E9
1370168103963;1.370168103483E9
1370168104205;1.370168103696E9
1370168104244;1.370168103967E9
1370168104470;1.370168104319E9
1370168104512;1.370168103841E9
1370168104568;1.370168103861E9
1370168105144;1.370168105049E9
1370168105278;1.370168105174E9
1370168105369;1.370168105057E9
1370168105464;1.370168105214E9
1370168105467;1.370168105091E9
1370168105487;1.370168105132E9
1370168105503;1.370168105163E9
1370168105676;1.370168105427E9
1370168105725;1.370168105618E9
1370168106080;1.370168106049E9
1370168106120;1.3701681061E9
1370168106402;1.370168106364E9
1370168106485;1.370168106319E9
1370168107366;1.370168107307E9
1370168107392;1.37016810734E9
1370168107669;1.370168107243E9
1370168107765;1.370168107539E9
1370168108110;1.370168108098E9
1370168108312;1.370168108191E9
1370168108313;1.370168108312E9
1370168108715;1.370168108689E9
1370168108740;1.370168108702E9
1370168109059;1.370168109045E9
1370168109373;1.370168109342E9
1370168109435;1.37016810922E9
1370168109609;1.370168109292E9
1370168109632;1.370168109401E9
1370168109677;1.37016810965E9
1370168109792;1.370168109781E9
1370168109992;1.370168109966E9
1370168110121;1.370168110021E9
1370168110160;1.37016811007E9
1370168110285;1.37016811026E9
1370168110497;1.370168110382E9
1370168111131;1.370168110826E9
1370168111507;1.370168110726E9
1370168111514;1.370168111471E9
1370168111875;1.370168111865E9
1370168112162;1.370168111015E9
1370168112182;1.370168111892E9
1370168112209;1.370168112209E9
1370168112345;1.370168112289E9
1370168112743;1.370168110813E9
1370168113187;1.370168112232E9
1370168113203;1.370168113006E9
1370168113366;1.370168112466E9
1370168113370;1.370168111356E9
1370168113681;1.370168113645E9
1370168113710;1.370168113088E9
1370168114074;1.370168114013E9
1370168114267;1.370168114168E9
1370168114398;1.370168114313E9
1370168114809;1.37016811479E9
1370168115082;1.370168115006E9
1370168115426;1.370168115309E9
1370168115581;1.370168115537E9
1370168115907;1.37016811578E9
1370168116537;1.37016811617E9
1370168116567;1.370168116557E9
1370168116602;1.370168115998E9
1370168116669;1.370168115816E9
1370168116692;1.370168116679E9
1370168116854;1.370168116853E9
1370168116855;1.370168116821E9
1370168117224;1.370168117171E9
1370168117311;1.370168117237E9
1370168117672;1.370168117367E9
1370168117746;1.370168117683E9
1370168117936;1.370168117935E9
1370168118184;1.370168118016E9
1370168118460;1.370168118387E9
1370168118463;1.370168118349E9
1370168118674;1.370168118546E9
1370168119160;1.370168119124E9
1370168119269;1.370168119205E9
1370168119434;1.370168119429E9
1370168119819;1.370168119319E9
1370168119965;1.370168119862E9
1370168120028;1.370168120025E9
1370168120053;1.370168119994E9
1370168120336;1.370168119489E9
1370168120705;1.370168120635E9
1370168120838;1.370168120609E9
1370168120848;1.370168120754E9
1370168120903;1.370168120855E9
1370168120985;1.370168120977E9
1370168121138;1.370168120941E9
1370168121352;1.370168121123E9
1370168121365;1.370168121335E9
1370168121987;1.370168121907E9
1370168122050;1.370168121621E9
1370168122341;1.370168121878E9
1370168122581;1.37016812237E9
1370168122610;1.370168122446E9
1370168122678;1.370168122466E9
1370168122705;1.37016812268E9
1370168122932;1.370168122594E9
1370168122984;1.370168122888E9
1370168123003;1.370168122844E9
1370168123012;1.37016812294E9
1370168123659;1.370168123434E9
1370168123979;1.370168123816E9
1370168124225;1.370168124141E9
1370168124370;1.370168124253E9
1370168124430;1.370168124268E9
1370168124479;1.370168124124E9
1370168124480;1.370168124364E9
1370168124530;1.370168124488E9
1370168125065;1.370168124636E9
1370168125214;1.37016812505E9
1370168125232;1.370168125204E9
1370168125387;1.370168125361E9
1370168125410;1.370168125319E9
1370168125461;1.370168125393E9
1370168125738;1.370168125569E9
1370168125786;1.370168125501E9
1370168125938;1.370168125844E9
1370168126022;1.370168126004E9
1370168126369;1.370168126043E9
1370168126426;1.370168126118E9
1370168127272;1.370168127222E9
1370168127365;1.370168127227E9
1370168127478;1.370168127285E9
1370168127842;1.370168127819E9
1370168127879;1.370168127544E9
1370168127887;1.370168127857E9
1370168128081;1.370168127968E9
1370168128157;1.370168128073E9
1370168128294;1.370168128294E9
1370168128535;1.370168128134E9
1370168129041;1.370168128979E9
1370168129204;1.370168129079E9
1370168129413;1.37016812931E9
1370168130089;1.370168130088E9
1370168130142;1.370168130125E9
1370168130293;1.370168129552E9
1370168130498;1.370168130256E9
1370168130568;1.370168130459E9
1370168130624;1.370168130117E9
1370168130663;1.370168130605E9
1370168130680;1.370168130157E9
1370168131031;1.370168130999E9
1370168131490;1.370168131458E9
1370168131947;1.370168131946E9
1370168132262;1.370168132259E9
1370168132708;1.370168132696E9
1370168132714;1.370168132321E9
1370168132733;1.37016813233E9
1370168132907;1.37016813229E9
1370168133204;1.370168133199E9
1370168133834;1.370168133639E9
1370168134058;1.370168134055E9
1370168134177;1.370168134172E9
1370168134362;1.370168134035E9
1370168134524;1.370168133949E9
1370168134535;1.37016813428E9
1370168134640;1.370168134406E9
1370168134657;1.370168134619E9
1370168134941;1.37016813427E9
1370168134964;1.370168134862E9
1370168135411;1.370168135213E9
1370168135527;1.370168135462E9
1370168135581;1.370168135537E9
1370168136419;1.370168135939E9
1370168136437;1.370168136337E9
1370168136707;1.370168136001E9
1370168136804;1.370168136604E9
1370168136909;1.370168136373E9
1370168136913;1.370168136878E9
1370168136923;1.370168136004E9
1370168137273;1.37016813724E9
1370168137274;1.370168137016E9
1370168137548;1.370168137399E9
1370168137640;1.370168137418E9
1370168137714;1.370168137665E9
1370168137717;1.370168137359E9
1370168138167;1.370168138079E9
1370168138261;1.37016813826E9
1370168138300;1.370168138299E9
1370168138437;1.370168138412E9
1370168138482;1.370168137947E9
1370168138553;1.370168138043E9
1370168138700;1.370168138288E9
1370168138717;1.370168138692E9
1370168139007;1.370168138995E9
1370168139218;1.370168139166E9
1370168139494;1.370168139481E9
1370168139655;1.370168139654E9
1370168139664;1.370168139632E9
1370168139695;1.370168139673E9
1370168139705;1.370168139684E9
1370168139718;1.370168139713E9
1370168140085;1.370168139859E9
1370168140171;1.370168140167E9
1370168140212;1.370168139781E9
1370168140433;1.370168139898E9
1370168140524;1.370168140523E9
1370168140602;1.370168140508E9
1370168140959;1.37016814077E9
1370168141602;1.370168141446E9
1370168141773;1.370168141117E9
1370168142074;1.370168142045E9
1370168142301;1.370168142296E9
1370168142416;1.370168142051E9
1370168142536;1.370168142439E9
1370168142711;1.37016814263E9
1370168142821;1.37016814257E9
1370168142949;1.370168142949E9
1370168143367;1.370168143295E9
1370168143570;1.370168143494E9
1370168143669;1.370168142933E9
1370168143859;1.370168143817E9
1370168144123;1.370168143864E9
1370168144454;1.37016814435E9
1370168144545;1.37016814427E9
1370168144634;1.370168144627E9
1370168145001;1.370168144703E9
1370168145241;1.370168145153E9
1370168145269;1.370168145119E9
1370168145279;1.370168145253E9
1370168145318;1.370168145288E9
1370168145467;1.370168145433E9
1370168145655;1.370168145654E9
1370168145819;1.370168145791E9
1370168146008;1.370168146005E9
1370168146386;1.370168146328E9
1370168146669;1.370168146664E9
1370168147088;1.370168146801E9
1370168147284;1.370168147248E9
1370168147460;1.370168147372E9
1370168147600;1.370168147464E9
1370168147870;1.370168147788E9
1370168147912;1.370168147419E9
1370168148022;1.370168147996E9
1370168148677;1.370168148335E9
1370168148712;1.370168148583E9
1370168148795;1.370168148032E9
1370168149009;1.370168148913E9
1370168149292;1.370168149273E9
1370168149512;1.370168149355E9
1370168149548;1.370168149252E9
1370168149975;1.37016814993E9
1370168150020;1.370168149879E9
1370168150270;1.370168149913E9
1370168150603;1.370168149869E9
1370168150843;1.370168150813E9
1370168150898;1.370168150856E9
1370168151063;1.370168150994E9
1370168151255;1.370168151099E9
1370168151411;1.370168151212E9
1370168151839;1.37016815112E9
1370168151873;1.370168151554E9
1370168152040;1.370168151282E9
1370168152066;1.370168151331E9
1370168152455;1.370168152213E9
1370168153122;1.370168153092E9
1370168153155;1.370168153133E9
1370168153258;1.370168153188E9
1370168153759;1.370168153619E9
1370168153866;1.370168153443E9
1370168153923;1.370168153871E9
1370168154093;1.370168153934E9
1370168154162;1.370168154097E9
1370168154212;1.370168154022E9
1370168154401;1.370168154386E9
1370168154606;1.37016815455E9
1370168154606;1.370168154504E9
1370168154677;1.370168154645E9
1370168154997;1.370168154997E9
1370168155009;1.370168154993E9
1370168155194;1.370168154981E9
1370168155223;1.370168155034E9
1370168155478;1.370168155355E9
1370168155702;1.370168155536E9
1370168156210;1.370168155985E9
1370168156535;1.37016815632E9
1370168156832;1.370168156817E9
1370168157491;1.370168157249E9
1370168157566;1.370168157099E9
1370168157697;1.370168157581E9
1370168157818;1.370168157239E9
1370168158072;1.370168157954E9
1370168158291;1.370168157896E9
1370168158433;1.370168158075E9
1370168158677;1.370168157989E9
1370168158726;1.370168158374E9
1370168158771;1.370168158741E9
1370168158797;1.370168158774E9
1370168158965;1.370168158919E9
1370168159394;1.370168159301E9
1370168159424;1.370168159184E9
1370168159560;1.370168159515E9
1370168159591;1.370168159589E9
1370168159644;1.370168159466E9
1370168159677;1.370168159592E9
1370168159782;1.370168159752E9
1370168160011;1.370168159943E9
1370168160623;1.370168160569E9
1370168160842;1.370168160747E9
1370168160927;1.370168160664E9
1370168161308;1.3701681613E9
1370168161391;1.370168161328E9
1370168161841;1.3701681618E9
1370168161967;1.370168161812E9
1370168162056;1.370168162029E9
1370168162519;1.370168162491E9
1370168162634;1.370168162574E9
1370168162927;1.37016816251E9
1370168163182;1.370168162715E9
1370168163271;1.370168163266E9
1370168163377;1.370168163299E9
1370168163547;1.370168163391E9
1370168163857;1.370168163834E9
1370168164022;1.370168163362E9
1370168164366;1.370168164304E9
1370168164416;1.370168164341E9
1370168164429;1.370168164141E9
1370168164792;1.370168164692E9
1370168164850;1.370168164814E9
1370168165284;1.370168164982E9
1370168165325;1.370168164968E9
1370168165399;1.37016816516E9
1370168165446;1.370168165333E9
1370168165986;1.370168165946E9
1370168166277;1.370168166272E9
1370168166638;1.370168166598E9
1370168166766;1.370168166743E9
1370168166963;1.370168166878E9
1370168167005;1.370168166993E9
1370168167011;1.370168166881E9
1370168167108;1.370168167027E9
1370168167191;1.37016816704E9
1370168167355;1.370168167092E9
1370168167542;1.370168167475E9
1370168168109;1.370168167959E9
1370168168236;1.370168167984E9
1370168168585;1.370168168253E9
1370168168808;1.370168168401E9
1370168168866;1.370168168567E9
1370168168965;1.370168168943E9
1370168169358;1.370168169154E9
1370168169410;1.370168168523E9
1370168169448;1.370168169436E9
1370168169635;1.370168169414E9
1370168169734;1.370168169369E9
1370168170337;1.370168170189E9
1370168170354;1.370168170254E9
1370168170505;1.370168170025E9
1370168170556;1.37016817042E9
1370168171017;1.370168170741E9
1370168171049;1.370168170991E9
1370168171093;1.370168170714E9
1370168171198;1.370168170791E9
1370168171428;1.370168171394E9
1370168171479;1.370168171327E9
1370168172007;1.370168171996E9
1370168172062;1.370168171981E9
1370168172427;1.370168172253E9
1370168172815;1.370168172685E9
1370168172914;1.37016817262E9
1370168172987;1.370168172982E9
1370168173012;1.370168172729E9
1370168173289;1.3701681732E9
1370168173363;1.370168173037E9
1370168173378;1.370168173194E9
1370168173456;1.370168173423E9
1370168173565;1.370168173408E9
1370168173578;1.370168173571E9
1370168173965;1.370168173859E9
1370168173976;1.37016817375E9
1370168174120;1.370168174007E9
1370168174426;1.370168174351E9
1370168174597;1.370168174594E9
1370168174714;1.370168174575E9
1370168174929;1.370168174661E9
1370168174937;1.370168174668E9
1370168175715;1.370168175328E9
1370168175758;1.370168175428E9
1370168175898;1.370168175812E9
1370168175979;1.370168175846E9
1370168176159;1.370168175913E9
1370168176412;1.370168175957E9
1370168176444;1.370168176226E9
1370168176538;1.370168175465E9
1370168176716;1.370168176607E9
1370168176777;1.370168176134E9
1370168176947;1.370168176931E9
1370168176969;1.370168176934E9
1370168177054;1.370168177038E9
1370168177154;1.370168177092E9
1370168177591;1.370168177574E9
1370168177923;1.370168177816E9
1370168178137;1.370168178137E9
1370168178906;1.370168178786E9
1370168179122;1.37016817889E9
1370168179381;1.370168179378E9
1370168179473;1.370168179393E9
1370168179574;1.370168179555E9
1370168179709;1.370168179625E9
1370168179928;1.370168179594E9
1370168180213;1.370168179842E9
1370168180225;1.370168179846E9
1370168180232;1.370168179675E9
1370168180309;1.370168180255E9
1370168180404;1.370168180374E9
1370168180506;1.370168180412E9
1370168180857;1.370168180804E9
1370168181057;1.370168180386E9
1370168181083;1.370168180981E9
1370168181277;1.370168181192E9
1370168181302;1.37016818106E9
1370168181482;1.370168181482E9
1370168181564;1.370168181522E9
1370168181883;1.370168181728E9
1370168181887;1.370168181846E9
1370168182068;1.370168182003E9
1370168182153;1.370168181694E9
1370168182366;1.370168182339E9
1370168182471;1.370168182416E9
1370168182837;1.370168182489E9
1370168183115;1.370168182495E9
1370168183351;1.370168183333E9
1370168183449;1.370168183393E9
1370168183492;1.370168183464E9
1370168183789;1.370168183788E9
1370168184217;1.370168184098E9
1370168184598;1.370168184501E9
1370168184629;1.370168184563E9
1370168184772;1.370168184643E9
1370168184776;1.370168184734E9
1370168185194;1.370168185189E9
1370168185275;1.370168185174E9
1370168185491;1.370168185386E9
1370168185742;1.370168185737E9
1370168185785;1.370168185466E9
1370168186039;1.370168185421E9
1370168186092;1.370168185592E9
1370168186120;1.370168185446E9
1370168186716;1.370168186651E9
1370168186924;1.370168186778E9
1370168187138;1.37016818683E9
1370168187574;1.370168187354E9
1370168187852;1.370168187852E9
1370168187911;1.370168187861E9
1370168188405;1.37016818778E9
1370168188463;1.370168187734E9
1370168188805;1.370168187597E9
1370168188920;1.370168188823E9
1370168189126;1.370168189058E9
1370168189440;1.3701681894E9
1370168189578;1.370168189348E9
1370168190611;1.370168190047E9
1370168190875;1.370168189854E9
1370168191152;1.370168190856E9
1370168191165;1.370168190851E9
1370168191224;1.370168190195E9
1370168191241;1.370168190962E9
1370168191559;1.370168191351E9
1370168192039;1.370168191993E9
1370168192726;1.370168192684E9
1370168193114;1.370168192939E9
1370168193148;1.370168193034E9
1370168193634;1.370168193491E9
1370168193941;1.370168193788E9
1370168193989;1.370168193974E9
1370168194231;1.370168194194E9
1370168194433;1.3701681944E9
1370168194660;1.37016819446E9
1370168194750;1.370168194687E9
1370168194815;1.37016819478E9
1370168194910;1.370168194895E9
1370168194965;1.37016819489E9
1370168195125;1.370168195115E9
1370168195143;1.370168194864E9
1370168195300;1.370168194771E9
1370168195981;1.370168195931E9
1370168196069;1.370168196051E9
1370168196096;1.370168196041E9
1370168196152;1.370168196055E9
1370168196348;1.370168196326E9
1370168196421;1.370168196387E9
1370168196681;1.37016819666E9
1370168197015;1.370168196934E9
1370168197133;1.370168197073E9
1370168197385;1.370168197267E9
1370168198342;1.370168198266E9
1370168198901;1.370168198462E9
1370168199157;1.370168199154E9
1370168199221;1.37016819855E9
1370168199265;1.370168199263E9
1370168199326;1.370168198796E9
1370168199774;1.370168199493E9
1370168199965;1.370168199633E9
1370168200239;1.370168199602E9
1370168200274;1.370168199375E9
1370168200803;1.370168199597E9
1370168200948;1.370168199798E9
1370168200978;1.370168200309E9
1370168201111;1.370168200903E9
1370168201172;1.370168201058E9
1370168201275;1.370168200086E9
1370168201301;1.37016819965E9
1370168201600;1.370168201205E9
1370168202102;1.370168201383E9
1370168202121;1.37016820212E9
1370168202206;1.3701682016E9
1370168202238;1.370168201889E9
1370168202638;1.37016820227E9
1370168202726;1.370168202725E9
1370168202730;1.370168202277E9
1370168202885;1.37016820269E9
1370168202928;1.370168202917E9
1370168203142;1.370168202873E9
1370168203302;1.37016820304E9
1370168203343;1.370168203267E9
1370168203808;1.370168203317E9
1370168203888;1.370168203119E9
1370168203910;1.370168203345E9
1370168204427;1.370168204354E9
1370168204432;1.370168204334E9
1370168204569;1.370168204529E9
1370168204683;1.370168204682E9
1370168204919;1.370168204737E9
1370168205109;1.370168205062E9
1370168205322;1.37016820532E9
1370168205325;1.370168205307E9
1370168205890;1.37016820587E9
1370168205990;1.37016820599E9
1370168206217;1.370168206167E9
1370168206224;1.370168206085E9
1370168206261;1.370168206196E9
1370168206855;1.370168206704E9
1370168207187;1.370168207138E9
1370168207375;1.370168207148E9
1370168207529;1.370168207427E9
1370168207601;1.370168207363E9
1370168207696;1.370168207433E9
1370168207761;1.37016820752E9
1370168207941;1.370168207916E9
1370168208258;1.370168208094E9
1370168208331;1.370168208156E9
1370168208363;1.370168208279E9
1370168208833;1.37016820877E9
1370168209036;1.370168208808E9
1370168209144;1.370168209038E9
1370168209464;1.37016820925E9
1370168209488;1.370168209111E9
1370168209710;1.370168209677E9
1370168210151;1.370168209991E9
1370168210156;1.370168209867E9
1370168210309;1.370168210254E9
1370168210666;1.37016821054E9
1370168210689;1.370168210646E9
1370168210850;1.370168210847E9
1370168210894;1.370168210871E9
1370168210966;1.3701682108E9
1370168211015;1.370168211011E9
1370168211101;1.370168211059E9
1370168211212;1.370168210873E9
1370168211271;1.370168211266E9
1370168211296;1.370168210821E9
1370168211756;1.370168211574E9
1370168211851;1.370168211591E9
1370168212000;1.370168211637E9
1370168212340;1.370168212194E9
1370168212499;1.370168212092E9
1370168212945;1.370168212915E9
1370168213197;1.37016821315E9
1370168213356;1.370168213295E9
1370168213478;1.370168213379E9
1370168213637;1.370168213628E9
1370168213775;1.37016821353E9
1370168213879;1.370168213726E9
1370168213990;1.3701682139E9
1370168214171;1.37016821414E9
1370168214269;1.370168213896E9
1370168214524;1.370168213621E9
1370168214938;1.37016821469E9
1370168215274;1.370168214508E9
1370168215482;1.370168215409E9
1370168215526;1.370168215498E9
1370168215911;1.370168215865E9
1370168215979;1.370168215964E9
1370168216348;1.370168216337E9
1370168216637;1.37016821637E9
1370168216857;1.370168216572E9
1370168216906;1.370168216604E9
1370168216929;1.370168216893E9
1370168217275;1.370168217199E9
1370168217277;1.370168217251E9
1370168217293;1.370168217259E9
1370168217436;1.370168217302E9
1370168217796;1.370168217787E9
1370168217873;1.370168217704E9
1370168217914;1.370168217817E9
1370168218075;1.370168217482E9
1370168218099;1.370168218007E9
1370168218102;1.370168218077E9
1370168218873;1.370168218652E9
1370168219084;1.370168218967E9
1370168219146;1.370168218938E9
1370168219201;1.370168218911E9
1370168219330;1.370168218991E9
1370168219498;1.370168219403E9
1370168219555;1.370168219554E9
1370168220038;1.370168219983E9
1370168220122;1.370168220117E9
1370168220320;1.370168220145E9
1370168220569;1.370168220439E9
1370168221151;1.370168221048E9
1370168221166;1.370168221108E9
1370168221570;1.370168220898E9
1370168221697;1.370168221241E9
1370168221802;1.370168220929E9
1370168221843;1.370168221537E9
1370168222054;1.370168221877E9
1370168222113;1.370168222004E9
1370168222247;1.370168222205E9
1370168222853;1.370168222629E9
1370168222867;1.370168222824E9
1370168222913;1.370168222635E9
1370168222976;1.370168222716E9
1370168223038;1.370168222998E9
1370168223225;1.370168223144E9
1370168223473;1.37016822344E9
1370168223494;1.370168223486E9
1370168223541;1.370168223028E9
1370168223621;1.370168223593E9
1370168223787;1.370168223721E9
1370168224168;1.370168224129E9
1370168224383;1.370168223827E9
1370168224433;1.37016822427E9
1370168224910;1.370168223879E9
1370168225111;1.370168224961E9
1370168225459;1.370168225369E9
1370168226020;1.370168226019E9
1370168226026;1.370168226017E9
1370168226338;1.370168225972E9
1370168226993;1.370168225969E9
1370168227770;1.370168227433E9
1370168227826;1.370168227567E9
1370168227936;1.37016822635E9
1370168227962;1.370168226775E9
1370168228159;1.370168228069E9
1370168228348;1.370168228061E9
1370168228526;1.370168228479E9
1370168228732;1.370168228102E9
1370168228918;1.370168228799E9
1370168229210;1.370168228489E9
1370168229220;1.370168229116E9
1370168229223;1.370168229082E9
1370168229511;1.370168228413E9
1370168229516;1.370168228863E9
1370168229596;1.370168229388E9
1370168229621;1.370168229531E9
1370168229860;1.370168229624E9
1370168230352;1.370168230351E9
1370168230408;1.370168230306E9
1370168230725;1.370168229893E9
1370168230779;1.37016823037E9
1370168230894;1.37016823023E9
1370168230991;1.37016823093E9
1370168231163;1.37016823016E9
1370168231209;1.370168231173E9
1370168231299;1.370168231299E9
1370168231423;1.37016823128E9
1370168231473;1.370168230951E9
1370168231786;1.370168231628E9
1370168232000;1.370168231539E9
1370168232690;1.370168232567E9
1370168232734;1.370168232352E9
1370168232890;1.370168232824E9
1370168233171;1.370168233088E9
1370168233462;1.370168233448E9
1370168233593;1.370168233588E9
1370168233840;1.370168233819E9
1370168234225;1.370168233869E9
1370168234988;1.37016823498E9
1370168235052;1.370168233809E9
1370168235192;1.370168234238E9
1370168235235;1.370168233788E9
1370168235268;1.370168235077E9
1370168235562;1.370168235557E9
1370168236008;1.370168235922E9
1370168236207;1.37016823605E9
1370168236320;1.370168236232E9
1370168236557;1.370168236411E9
1370168237274;1.370168237171E9
1370168237288;1.370168237127E9
1370168237484;1.370168237451E9
1370168237851;1.370168237797E9
1370168238665;1.370168238582E9
1370168238717;1.370168238691E9
1370168238954;1.370168238863E9
1370168239067;1.370168238997E9
1370168239120;1.370168239074E9
1370168239285;1.370168239224E9
1370168239449;1.370168239436E9
1370168239612;1.37016823958E9
1370168239705;1.370168239658E9
1370168239709;1.370168239625E9
1370168240004;1.370168239934E9
1370168240282;1.370168240251E9
1370168240340;1.370168240236E9
1370168240466;1.370168240367E9
1370168240520;1.37016824049E9
1370168241377;1.370168241375E9
1370168241672;1.370168241261E9
1370168242112;1.370168242096E9
1370168242141;1.370168241906E9
1370168242246;1.370168242245E9
1370168242765;1.370168242252E9
1370168243313;1.370168242964E9
1370168243517;1.370168242196E9
1370168243716;1.370168243476E9
1370168243811;1.370168242218E9
1370168244174;1.370168243499E9
1370168244229;1.370168244132E9
1370168244286;1.370168243851E9
1370168244479;1.370168242144E9
1370168244608;1.370168243783E9
1370168244685;1.370168242099E9
1370168244804;1.370168244769E9
1370168244899;1.370168244531E9
1370168245066;1.370168244902E9
1370168245102;1.370168244936E9
1370168245129;1.370168245104E9
1370168245456;1.370168245386E9
1370168245640;1.370168245279E9
1370168245654;1.3701682453E9
1370168245672;1.370168245154E9
1370168245829;1.370168245302E9
1370168245932;1.37016824569E9
1370168245974;1.370168245678E9
1370168247207;1.370168247197E9
1370168247422;1.37016824742E9
1370168247599;1.370168247416E9
1370168247633;1.370168247474E9
1370168247691;1.370168247348E9
1370168247769;1.370168247444E9
1370168247866;1.370168247822E9
1370168248845;1.370168248171E9
1370168249113;1.370168248849E9
1370168249204;1.3701682489E9
1370168249213;1.370168249213E9
1370168249443;1.370168248498E9
1370168249463;1.370168248367E9
1370168249733;1.370168249571E9
1370168249774;1.370168249526E9
1370168249921;1.370168249913E9
1370168250580;1.370168250307E9
1370168250663;1.370168250267E9
1370168250764;1.370168250538E9
1370168250794;1.370168250449E9
1370168250922;1.370168250602E9
1370168250922;1.370168250876E9
1370168250982;1.370168250981E9
1370168251166;1.370168251114E9
1370168251239;1.370168250934E9
1370168251240;1.370168251203E9
1370168251282;1.370168251243E9
1370168251753;1.370168251445E9
1370168251869;1.37016825171E9
1370168251884;1.370168251875E9
1370168252049;1.370168251787E9
1370168252572;1.370168252464E9
1370168252676;1.370168252469E9
1370168253052;1.370168252987E9
1370168253140;1.370168253074E9
1370168253581;1.370168253468E9
1370168253909;1.370168253785E9
1370168254163;1.370168254143E9
1370168254243;1.370168254242E9
1370168254781;1.370168254413E9
1370168254882;1.370168254758E9
1370168254976;1.370168254805E9
1370168255425;1.370168254679E9
1370168255488;1.370168255108E9
1370168255953;1.370168255849E9
1370168255964;1.370168255563E9
1370168256067;1.370168255027E9
1370168256151;1.370168256078E9
1370168256298;1.370168256137E9
1370168256303;1.370168255591E9
1370168256619;1.370168256558E9
1370168256689;1.37016825654E9
1370168256990;1.370168256987E9
1370168257689;1.370168256862E9
1370168257787;1.370168256956E9
1370168258040;1.370168257305E9
1370168258167;1.370168258008E9
1370168258237;1.3701682572E9
1370168258309;1.370168257857E9
1370168258425;1.370168258421E9
1370168259218;1.370168259176E9
1370168259597;1.370168259468E9
1370168259609;1.370168259565E9
1370168260060;1.370168259848E9
1370168260423;1.370168260414E9
1370168260640;1.370168260635E9
1370168260864;1.370168260755E9
1370168261028;1.370168260971E9
1370168261344;1.370168261284E9
1370168261440;1.370168261093E9
1370168261478;1.370168261219E9
1370168261505;1.370168261459E9
1370168261982;1.370168261975E9
1370168262058;1.370168262053E9
1370168262226;1.370168262216E9
1370168262229;1.370168262203E9
1370168262320;1.370168262318E9
1370168262368;1.37016826234E9
1370168262580;1.370168262437E9
1370168262611;1.37016826261E9
1370168262787;1.370168262712E9
1370168263094;1.370168263093E9
1370168263475;1.370168263336E9
1370168263579;1.370168263481E9
1370168263958;1.370168263665E9
1370168264042;1.370168264E9
1370168264182;1.370168264098E9
1370168264263;1.370168264196E9
1370168264302;1.370168263945E9
1370168264472;1.370168264066E9
1370168264674;1.370168264411E9
1370168264823;1.370168264319E9
1370168265474;1.370168265442E9
1370168265795;1.370168265651E9
1370168265877;1.370168265688E9
1370168266218;1.370168265706E9
1370168266393;1.370168266294E9
1370168266508;1.370168266478E9
1370168266541;1.370168266539E9
1370168267200;1.370168266631E9
1370168267809;1.370168266971E9
1370168267882;1.370168266527E9
1370168267975;1.37016826782E9
1370168268223;1.370168267847E9
1370168268479;1.370168267856E9
1370168268589;1.370168267295E9
1370168268766;1.370168268228E9
1370168268989;1.370168268988E9
1370168269227;1.370168268934E9
1370168269294;1.370168269275E9
1370168269422;1.370168268978E9
1370168269544;1.370168269544E9
1370168269765;1.370168269699E9
1370168269878;1.370168269847E9
1370168269990;1.370168269891E9
1370168270035;1.370168269917E9
1370168270226;1.370168270063E9
1370168270358;1.370168270102E9
1370168270508;1.370168270446E9
1370168270856;1.370168270484E9
1370168271371;1.370168271126E9
1370168271461;1.370168271141E9
1370168272269;1.370168271904E9
1370168272290;1.370168271963E9
1370168272630;1.370168272503E9
1370168272660;1.370168272541E9
1370168272913;1.37016827288E9
1370168272978;1.370168272975E9
1370168272991;1.370168272936E9
1370168273017;1.370168272852E9
1370168273329;1.37016827332E9
1370168273697;1.370168273599E9
1370168274230;1.370168274116E9
1370168274471;1.370168274453E9
1370168274512;1.370168274432E9
1370168274542;1.370168274523E9
1370168274728;1.370168274727E9
1370168274997;1.370168274779E9
1370168275049;1.370168274707E9
1370168275049;1.370168274721E9
1370168275256;1.370168275009E9
1370168275570;1.370168274758E9
1370168275767;1.370168275488E9
1370168276092;1.370168276037E9
1370168276156;1.370168275836E9
1370168276363;1.370168275875E9
1370168276800;1.370168276653E9
1370168277266;1.370168277103E9
1370168277462;1.370168277277E9
1370168277731;1.370168277622E9
1370168277935;1.370168277934E9
1370168278165;1.370168277878E9
1370168278386;1.370168277881E9
1370168278404;1.370168277954E9
1370168278453;1.370168278351E9
1370168278502;1.37016827831E9
1370168278572;1.370168278139E9
1370168278688;1.370168278556E9
1370168278817;1.370168278768E9
1370168278926;1.370168278924E9
1370168279016;1.370168278885E9
1370168279076;1.370168279041E9
1370168279181;1.370168279135E9
1370168279357;1.370168279234E9
1370168279571;1.370168279562E9
1370168279935;1.370168279623E9
1370168279944;1.370168279943E9
1370168280096;1.370168280047E9
1370168280474;1.370168280344E9
1370168280490;1.370168280214E9
1370168280507;1.370168280412E9
1370168280638;1.37016828061E9
1370168281122;1.370168280839E9
1370168281585;1.370168280813E9
1370168282041;1.370168281949E9
1370168282110;1.370168282085E9
1370168282117;1.370168281953E9
1370168282282;1.370168282257E9
1370168282437;1.370168282374E9
1370168282662;1.37016828265E9
1370168282705;1.370168282665E9
1370168282783;1.370168282766E9
1370168283097;1.370168282898E9
1370168283279;1.37016828291E9
1370168283323;1.370168282954E9
1370168283334;1.370168283262E9
1370168283350;1.37016828295E9
1370168283359;1.37016828301E9
1370168283800;1.370168283695E9
1370168283975;1.370168283975E9
1370168283987;1.3701682839E9
1370168284085;1.370168284079E9
1370168284349;1.370168284331E9
1370168284410;1.370168284344E9
1370168284552;1.370168284537E9
1370168284624;1.370168284614E9
1370168284949;1.370168284884E9
1370168285684;1.3701682852E9
1370168285803;1.370168285515E9
1370168285934;1.370168285174E9
1370168286003;1.370168285899E9
1370168286147;1.370168286096E9
1370168286147;1.370168286011E9
1370168286379;1.370168286374E9
1370168287149;1.370168287146E9
1370168287149;1.370168286841E9
1370168287421;1.370168286826E9
1370168287770;1.370168287606E9
1370168288035;1.370168287672E9
1370168288246;1.370168287793E9
1370168288295;1.37016828829E9
1370168288355;1.370168288285E9
1370168288369;1.370168288075E9
1370168288429;1.370168287486E9
1370168288461;1.370168288461E9
1370168288628;1.370168288603E9
1370168288879;1.370168288675E9
1370168288911;1.37016828888E9
1370168289034;1.370168288683E9
1370168289208;1.370168289071E9
1370168289406;1.37016828909E9
1370168289460;1.370168289301E9
1370168289761;1.370168289666E9
1370168290241;1.370168289829E9
1370168290275;1.370168289817E9
1370168290290;1.370168289776E9
1370168290583;1.370168290345E9
1370168290596;1.37016829049E9
1370168290881;1.370168290876E9
1370168290970;1.370168290858E9
1370168291226;1.370168290864E9
1370168291557;1.370168291267E9
1370168291718;1.37016829129E9
1370168291988;1.370168291577E9
1370168292011;1.370168291923E9
1370168292060;1.370168291829E9
1370168292097;1.370168291034E9
1370168292391;1.370168292109E9
1370168292414;1.370168292121E9
1370168292604;1.370168292475E9
1370168292715;1.370168292563E9
1370168293572;1.370168293271E9
1370168293682;1.370168293134E9
1370168294006;1.370168293505E9
1370168294017;1.370168293756E9
1370168294208;1.370168294164E9
1370168294421;1.370168294358E9
1370168294925;1.370168294854E9
1370168294936;1.370168294819E9
1370168295228;1.37016829519E9
1370168295533;1.370168295498E9
1370168295624;1.370168295619E9
1370168295866;1.370168295715E9
1370168296112;1.370168295952E9
1370168296324;1.370168296265E9
1370168297230;1.370168296572E9
1370168297251;1.370168296566E9
1370168297396;1.37016829693E9
1370168297531;1.370168296684E9
1370168297562;1.370168297157E9
1370168297624;1.370168297617E9
1370168297647;1.370168297645E9
1370168298085;1.370168298004E9
1370168298123;1.370168298059E9
1370168298143;1.370168298027E9
1370168298228;1.37016829821E9
1370168298275;1.370168298245E9
1370168298693;1.37016829838E9
1370168299129;1.370168298798E9
1370168299244;1.370168299166E9
1370168299358;1.370168299265E9
1370168299444;1.370168299416E9
1370168299755;1.370168299671E9
1370168299901;1.370168299642E9
1370168300076;1.370168299929E9
1370168300877;1.370168300592E9
1370168301120;1.370168300625E9
1370168301401;1.370168301306E9
1370168301424;1.370168301417E9
1370168301706;1.370168301607E9
1370168301721;1.370168301632E9
1370168302462;1.370168302175E9
1370168302536;1.370168302485E9
1370168302859;1.37016830268E9
1370168302992;1.370168302977E9
1370168303584;1.370168303561E9
1370168303694;1.370168303571E9
1370168303918;1.370168303814E9
1370168304016;1.37016830398E9
1370168304220;1.370168303774E9
1370168304252;1.370168303958E9
1370168304790;1.370168304241E9
1370168305459;1.370168305366E9
1370168305484;1.370168305147E9
1370168305737;1.37016830467E9
1370168305861;1.3701683058E9
1370168305973;1.370168305927E9
1370168306032;1.370168306012E9
1370168306233;1.370168306155E9
1370168306776;1.370168306546E9
1370168306931;1.370168306852E9
1370168307001;1.370168306909E9
1370168307020;1.370168306841E9
1370168307295;1.370168307023E9
1370168307448;1.370168307436E9
1370168307568;1.370168307331E9
1370168307651;1.370168307573E9
1370168307891;1.370168307707E9
1370168307925;1.370168307534E9
1370168307932;1.370168307778E9
1370168308060;1.370168308021E9
1370168308123;1.370168307798E9
1370168308325;1.370168308324E9
1370168308513;1.370168308433E9
1370168308569;1.370168308529E9
1370168308605;1.370168308575E9
1370168309103;1.370168308906E9
1370168309153;1.370168308873E9
1370168309375;1.370168309365E9
1370168309534;1.370168309505E9
1370168309592;1.370168309304E9
1370168309784;1.370168309563E9
1370168309901;1.370168309542E9
1370168310492;1.37016830987E9
1370168310544;1.370168310454E9
1370168310704;1.370168310557E9
1370168310822;1.370168310135E9
1370168310983;1.37016831098E9
1370168311056;1.370168311051E9
1370168311287;1.370168311017E9
1370168311614;1.370168311453E9
1370168311984;1.370168311406E9
1370168312004;1.370168311781E9
1370168312118;1.370168311895E9
1370168312386;1.370168312355E9
1370168312770;1.370168312672E9
1370168313026;1.370168312915E9
1370168313287;1.370168312781E9
1370168313416;1.370168313393E9
1370168313770;1.370168313442E9
1370168314495;1.370168313903E9
1370168314564;1.370168314035E9
1370168314684;1.370168314682E9
1370168314827;1.37016831473E9
1370168314969;1.370168314968E9
1370168315362;1.370168315016E9
1370168315364;1.370168315354E9
1370168315425;1.370168315341E9
1370168315759;1.37016831573E9
1370168316069;1.370168315877E9
1370168316162;1.370168316157E9
1370168316216;1.370168316213E9
1370168316223;1.370168315761E9
1370168316337;1.370168315952E9
1370168316586;1.370168316373E9
1370168316683;1.370168316618E9
1370168316725;1.370168316704E9
1370168316885;1.370168316128E9
1370168316948;1.37016831675E9
1370168317133;1.370168317131E9
1370168317257;1.370168317053E9
1370168317363;1.370168317022E9
1370168317419;1.370168317275E9
1370168317799;1.370168317531E9
1370168318447;1.370168318438E9
1370168318477;1.370168318116E9
1370168318554;1.370168318171E9
1370168318854;1.370168318717E9
1370168319096;1.370168319038E9
1370168319170;1.370168319126E9
1370168319760;1.370168319628E9
1370168320186;1.370168320027E9
1370168320228;1.370168320135E9
1370168320616;1.37016832039E9
1370168320694;1.370168320645E9
1370168321073;1.370168320851E9
1370168321118;1.370168320694E9
1370168321255;1.370168320086E9
1370168321642;1.370168320059E9
1370168321765;1.370168320036E9
1370168321777;1.370168320755E9
1370168322239;1.370168320854E9
1370168322259;1.370168322055E9
1370168322514;1.37016832242E9
1370168322580;1.370168322516E9
1370168322748;1.370168322555E9
1370168323195;1.370168323112E9
1370168323550;1.370168323532E9
1370168323769;1.370168323624E9
1370168323969;1.370168323834E9
1370168324245;1.370168324205E9
1370168324753;1.370168324669E9
1370168324815;1.370168324481E9
1370168325482;1.370168324847E9
1370168325969;1.370168324907E9
1370168326002;1.370168325776E9
1370168326276;1.370168326116E9
1370168326439;1.370168326147E9
1370168326660;1.370168326518E9
1370168326879;1.37016832652E9
1370168326930;1.370168326804E9
1370168327019;1.370168326752E9
1370168327199;1.370168326936E9
1370168327676;1.370168327607E9
1370168328200;1.37016832812E9
1370168328825;1.370168328551E9
1370168328866;1.370168328843E9
1370168329062;1.37016832905E9
1370168329208;1.370168329193E9
1370168329291;1.370168329274E9
1370168329871;1.370168329666E9
1370168329927;1.370168329922E9
1370168330037;1.370168330022E9
1370168330226;1.370168330177E9
1370168330551;1.370168330379E9
1370168330621;1.370168330523E9
1370168330627;1.370168330507E9
1370168330971;1.37016833097E9
1370168331122;1.370168331102E9
1370168331412;1.37016833127E9
1370168331562;1.370168331502E9
1370168332115;1.370168332084E9
1370168332555;1.370168332345E9
1370168332664;1.370168332304E9
1370168332954;1.370168332951E9
1370168333171;1.37016833268E9
1370168333477;1.370168333151E9
1370168333803;1.370168333706E9
1370168333983;1.370168333956E9
1370168334092;1.370168334084E9
1370168335124;1.370168334953E9
1370168335162;1.370168334657E9
1370168335372;1.370168335307E9
1370168335803;1.370168335796E9
1370168335900;1.370168335364E9
1370168336687;1.370168335285E9
1370168336715;1.370168334395E9
1370168336727;1.370168334385E9
1370168336749;1.370168335598E9
1370168336963;1.370168336955E9
1370168337069;1.370168336983E9
1370168337378;1.37016833712E9
1370168337943;1.370168337379E9
1370168338052;1.370168337906E9
1370168338236;1.37016833769E9
1370168338729;1.370168338661E9
1370168338736;1.370168337608E9
1370168339078;1.370168338812E9
1370168339274;1.370168339106E9
1370168339348;1.370168339345E9
1370168339405;1.37016833919E9
1370168339785;1.370168339776E9
1370168340030;1.370168339922E9
1370168340056;1.370168339602E9
1370168340074;1.370168339736E9
1370168340576;1.370168340474E9
1370168340934;1.370168340919E9
1370168341622;1.370168341457E9
1370168342057;1.370168341869E9
1370168342114;1.370168341946E9
1370168342123;1.370168342041E9
1370168342195;1.370168342124E9
1370168342476;1.370168342289E9
1370168342500;1.370168342356E9
1370168342685;1.370168342433E9
1370168343189;1.370168343145E9
1370168343669;1.370168343576E9
1370168343757;1.370168343727E9
1370168343810;1.370168343795E9
1370168343897;1.370168343867E9
1370168343939;1.370168343921E9
1370168344068;1.370168343976E9
1370168344088;1.370168343992E9
1370168344233;1.370168344182E9
1370168344359;1.370168344319E9
1370168344746;1.370168344673E9
1370168345211;1.370168345152E9
1370168345353;1.370168345262E9
1370168345716;1.37016834558E9
1370168346283;1.370168345915E9
1370168346495;1.370168346133E9
1370168346605;1.370168346319E9
1370168346882;1.370168346819E9
1370168346925;1.370168346215E9
1370168347103;1.370168346831E9
1370168347395;1.37016834734E9
1370168347535;1.370168347107E9
1370168347621;1.370168346455E9
1370168347800;1.370168346839E9
1370168347827;1.370168346765E9
1370168348102;1.370168347767E9
1370168348119;1.370168346711E9
1370168348181;1.370168348151E9
1370168348599;1.370168348594E9
1370168348651;1.370168348549E9
1370168349000;1.37016834894E9
1370168349546;1.370168349546E9
1370168349627;1.370168349533E9
1370168349703;1.370168349668E9
1370168349733;1.370168349387E9
1370168350582;1.370168350503E9
1370168350831;1.370168350821E9
1370168351014;1.370168350832E9
1370168351093;1.370168350874E9
1370168351135;1.370168351134E9
1370168351356;1.370168351351E9
1370168351470;1.370168351117E9
1370168351602;1.370168351444E9
1370168351824;1.370168351535E9
1370168351900;1.370168351809E9
1370168352009;1.370168351436E9
1370168352131;1.370168352001E9
1370168352384;1.370168351295E9
1370168352806;1.370168352745E9
1370168353023;1.370168353011E9
1370168353372;1.370168353344E9
1370168353455;1.370168353002E9
1370168353456;1.370168353148E9
1370168353661;1.370168353542E9
1370168353769;1.37016835349E9
1370168354058;1.370168353508E9
1370168354260;1.370168354023E9
1370168354406;1.370168354323E9
1370168354755;1.370168354754E9
1370168355004;1.37016835496E9
1370168355140;1.37016835497E9
1370168355290;1.370168354952E9
1370168355376;1.370168355351E9
1370168355456;1.370168355386E9
1370168355511;1.370168355479E9
1370168355649;1.370168355633E9
1370168355946;1.370168355338E9
1370168355995;1.370168355798E9
1370168356451;1.370168356301E9
1370168356692;1.370168356583E9
1370168357105;1.370168356857E9
1370168357124;1.3701683569E9
1370168357266;1.370168357174E9
1370168357386;1.370168357249E9
1370168357388;1.370168357303E9
1370168357772;1.370168357646E9
1370168358024;1.370168357725E9
1370168358050;1.370168357994E9
1370168358104;1.370168357618E9
1370168358300;1.3701683582E9
1370168358507;1.370168358093E9
1370168358580;1.370168358572E9
1370168358667;1.370168358667E9
1370168358837;1.370168358737E9
1370168359333;1.370168359108E9
1370168359542;1.370168359457E9
1370168359716;1.370168359373E9
1370168359988;1.370168359429E9
1370168360101;1.370168359974E9
1370168360307;1.370168360224E9
1370168360408;1.370168360364E9
1370168360482;1.370168360312E9
1370168360676;1.37016836063E9
1370168361279;1.370168361274E9
1370168361657;1.370168361587E9
1370168361674;1.37016836146E9
1370168361885;1.370168361846E9
1370168362263;1.370168362261E9
1370168362268;1.370168361919E9
1370168362911;1.370168362769E9
1370168363004;1.370168362959E9
1370168363162;1.37016836316E9
1370168363289;1.370168363235E9
1370168363610;1.370168363233E9
1370168363621;1.370168363586E9
1370168363853;1.370168363555E9
1370168364083;1.370168363875E9
1370168364167;1.370168363885E9
1370168364323;1.370168364306E9
1370168364464;1.370168364461E9
1370168364491;1.370168364401E9
1370168365001;1.370168364608E9
1370168365009;1.370168364686E9
1370168365032;1.370168364868E9
1370168365128;1.370168364862E9
1370168365145;1.370168365083E9
1370168365638;1.370168365626E9
1370168366127;1.370168365896E9
1370168366145;1.370168366005E9
1370168366299;1.370168366196E9
1370168366341;1.370168366266E9
1370168366401;1.370168366313E9
1370168366706;1.370168366615E9
1370168367213;1.370168367034E9
1370168367362;1.37016836731E9
1370168367512;1.370168367425E9
1370168367848;1.370168367545E9
1370168368363;1.370168368033E9
1370168368536;1.370168368243E9
1370168368687;1.370168368563E9
1370168368866;1.370168368257E9
1370168369065;1.370168369043E9
1370168369095;1.370168368876E9
1370168369141;1.370168369111E9
1370168369596;1.370168369486E9
1370168369676;1.370168369517E9
1370168369778;1.370168369567E9
1370168369816;1.37016836941E9
1370168369894;1.37016836983E9
1370168370443;1.370168370412E9
1370168370482;1.370168370384E9
1370168370896;1.370168370832E9
1370168370950;1.370168370927E9
1370168371122;1.370168370985E9
1370168371324;1.370168371323E9
1370168371398;1.37016837139E9
1370168371577;1.370168371518E9
1370168371857;1.370168371746E9
1370168371943;1.370168371938E9
1370168371951;1.37016837161E9
1370168372035;1.37016837201E9
1370168372549;1.370168372495E9
1370168372893;1.370168372888E9
1370168372953;1.370168372382E9
1370168373493;1.370168373359E9
1370168374599;1.370168374387E9
1370168374878;1.370168374568E9
1370168374921;1.370168374545E9
1370168374951;1.370168374922E9
1370168375363;1.370168375291E9
1370168375402;1.370168375198E9
1370168375427;1.370168374937E9
1370168375451;1.370168375429E9
1370168375602;1.370168375534E9
1370168375640;1.370168375541E9
1370168375697;1.370168375692E9
1370168375945;1.370168375867E9
1370168376123;1.370168375977E9
1370168376237;1.370168376236E9
1370168376418;1.370168376408E9
1370168376594;1.370168376563E9
1370168376673;1.370168376658E9
1370168376707;1.370168376696E9
1370168376978;1.370168376724E9
1370168377390;1.370168377301E9
1370168377813;1.370168377687E9
1370168378174;1.370168377625E9
1370168378423;1.370168378415E9
1370168378564;1.370168378563E9
1370168378654;1.370168378647E9
1370168378778;1.370168378728E9
1370168378949;1.370168378948E9
1370168379216;1.370168378979E9
1370168379920;1.37016837982E9
1370168380289;1.370168380044E9
1370168380602;1.370168380353E9
1370168381085;1.37016838102E9
1370168381224;1.370168381139E9
1370168381326;1.370168381205E9
1370168381466;1.370168381455E9
1370168381705;1.370168381671E9
1370168382020;1.3701683819E9
1370168382421;1.37016838227E9
1370168382526;1.370168382489E9
1370168382571;1.370168382569E9
1370168382575;1.370168382504E9
1370168382577;1.370168382477E9
1370168382854;1.370168382854E9
1370168383539;1.370168383535E9
1370168383844;1.370168383745E9
1370168383947;1.370168383705E9
1370168384014;1.370168383911E9
1370168384024;1.370168384001E9
1370168384057;1.370168383986E9
1370168384208;1.370168384067E9
1370168384350;1.370168384342E9
1370168385381;1.370168384966E9
1370168385847;1.370168385395E9
1370168385885;1.370168384983E9
1370168386250;1.370168384825E9
1370168386439;1.370168386414E9
1370168386492;1.370168386261E9
1370168386789;1.370168386267E9
1370168386851;1.370168386822E9
1370168386903;1.370168384815E9
1370168386918;1.370168386368E9
1370168387063;1.370168386974E9
1370168387933;1.37016838787E9
1370168388073;1.370168387947E9
1370168388252;1.370168387838E9
1370168388381;1.370168388278E9
1370168388528;1.370168388203E9
1370168388641;1.370168388419E9
1370168388722;1.370168388722E9
1370168388993;1.370168388719E9
1370168389073;1.37016838849E9
1370168389134;1.370168389133E9
1370168389414;1.370168389107E9
1370168389666;1.370168389621E9
1370168389726;1.37016838968E9
1370168389885;1.370168389525E9
1370168390044;1.370168389961E9
1370168390442;1.370168390426E9
1370168390719;1.370168390483E9
1370168391104;1.370168391017E9
1370168391159;1.370168391051E9
1370168391220;1.37016839109E9
1370168391493;1.370168391458E9
1370168391509;1.370168391504E9
1370168391695;1.370168391685E9
1370168391726;1.37016839155E9
1370168391740;1.370168391076E9
1370168391856;1.370168391338E9
1370168391874;1.370168391167E9
1370168391884;1.370168391577E9
1370168392292;1.370168392121E9
1370168392511;1.370168392506E9
1370168392879;1.370168392794E9
1370168393030;1.370168392642E9
1370168393033;1.37016839239E9
1370168393296;1.370168393047E9
1370168393372;1.37016839335E9
1370168393577;1.370168393435E9
1370168393685;1.370168393377E9
1370168393810;1.37016839339E9
1370168393816;1.370168393669E9
1370168393846;1.370168393819E9
1370168394150;1.370168394149E9
1370168394157;1.370168394099E9
1370168394360;1.370168394078E9
1370168394373;1.370168394271E9
1370168394414;1.370168393934E9
1370168394630;1.370168394474E9
1370168394712;1.370168394672E9
1370168395196;1.370168394266E9
1370168395518;1.370168395337E9
1370168395621;1.37016839562E9
1370168395637;1.370168395453E9
1370168395641;1.370168395406E9
1370168396046;1.370168396045E9
1370168396111;1.370168396061E9
1370168396820;1.370168396758E9
1370168396826;1.370168396747E9
1370168396951;1.370168396879E9
1370168397086;1.370168397086E9
1370168397141;1.370168397105E9
1370168397453;1.370168397172E9
1370168397467;1.37016839726E9
1370168398628;1.370168398567E9
1370168398891;1.3701683988E9
1370168398917;1.370168398709E9
1370168399217;1.37016839865E9
1370168399310;1.370168399023E9
1370168399541;1.37016839943E9
1370168399598;1.370168399557E9
1370168399609;1.370168399609E9
1370168399762;1.370168399761E9
1370168399783;1.370168399669E9
1370168400009;1.370168399947E9
1370168400225;1.370168399939E9
1370168400566;1.370168400454E9
1370168400863;1.370168400754E9
1370168400889;1.370168400796E9
1370168401216;1.370168401161E9
1370168401342;1.37016840134E9
1370168401748;1.370168401589E9
1370168401905;1.370168401893E9
1370168403022;1.370168402735E9
1370168403115;1.37016840246E9
1370168403651;1.370168402546E9
1370168403651;1.370168403611E9
1370168403689;1.370168403687E9
1370168404014;1.370168403654E9
1370168404137;1.370168403849E9
1370168404221;1.370168403328E9
1370168404358;1.370168403099E9
1370168404440;1.370168404379E9
1370168404877;1.370168403211E9
1370168405127;1.370168405126E9
1370168405153;1.370168404387E9
1370168405168;1.37016840394E9
1370168405185;1.37016840514E9
1370168405202;1.3701684042E9
1370168405245;1.370168404519E9
1370168405303;1.37016840527E9
1370168405631;1.370168405419E9
1370168405659;1.370168405621E9
1370168405959;1.370168405952E9
1370168406075;1.37016840554E9
1370168406312;1.370168406157E9
1370168406395;1.370168406093E9
1370168406437;1.370168406432E9
1370168406813;1.37016840645E9
1370168407041;1.370168406928E9
1370168407397;1.370168407388E9
1370168407558;1.370168407532E9
1370168407830;1.370168407654E9
1370168407858;1.370168407576E9
1370168407929;1.37016840764E9
1370168408264;1.370168407521E9
1370168408399;1.370168408384E9
1370168408487;1.37016840848E9
1370168408620;1.370168407996E9
1370168408638;1.370168408301E9
1370168409040;1.370168407682E9
1370168410312;1.370168410004E9
1370168410404;1.370168409736E9
1370168410589;1.370168410513E9
1370168410624;1.370168409584E9
1370168410644;1.370168410224E9
1370168411159;1.370168410608E9
1370168411729;1.370168411639E9
1370168411736;1.370168411707E9
1370168411794;1.370168411769E9
1370168411804;1.370168411192E9
1370168412037;1.370168411775E9
1370168412077;1.370168411828E9
1370168412401;1.370168412177E9
1370168412536;1.370168412433E9
1370168412568;1.370168412561E9
1370168412642;1.370168412625E9
1370168412865;1.370168412729E9
1370168413248;1.370168413206E9
1370168413530;1.370168413529E9
1370168413564;1.370168413563E9
1370168414078;1.370168414078E9
1370168414158;1.370168414151E9
1370168414326;1.370168414326E9
1370168414885;1.370168414783E9
1370168415060;1.370168414971E9
1370168415107;1.370168415102E9
1370168415306;1.370168415033E9
1370168415503;1.370168415498E9
1370168415514;1.370168415409E9
1370168415527;1.370168415167E9
1370168415659;1.370168415255E9
1370168415666;1.370168414956E9
1370168415721;1.3701684154E9
1370168416115;1.370168416001E9
1370168416133;1.370168416132E9
1370168416138;1.370168416136E9
1370168416234;1.370168416206E9
1370168416305;1.370168416075E9
1370168416319;1.370168416272E9
1370168416456;1.37016841644E9
1370168417066;1.370168416642E9
1370168417197;1.370168417162E9
1370168417236;1.370168416713E9
1370168417257;1.37016841711E9
1370168417629;1.370168417544E9
1370168417779;1.370168417573E9
1370168417838;1.370168417611E9
1370168418042;1.370168418032E9
1370168418144;1.370168418053E9
1370168418255;1.370168418254E9
1370168418410;1.370168418321E9
1370168418520;1.370168418485E9
1370168418538;1.370168418489E9
1370168418900;1.370168418825E9
1370168419061;1.370168418939E9
1370168419281;1.370168419161E9
1370168419449;1.370168419195E9
1370168419472;1.370168419169E9
1370168419476;1.37016841933E9
1370168419727;1.370168419594E9
1370168419809;1.37016841939E9
1370168419836;1.370168419487E9
1370168420021;1.37016841993E9
1370168420493;1.370168420373E9
1370168420871;1.370168420826E9
1370168420908;1.370168420858E9
1370168421232;1.370168421123E9
1370168421434;1.370168421263E9
1370168421765;1.370168421614E9
1370168421793;1.370168421585E9
1370168421817;1.370168421666E9
1370168422433;1.370168422176E9
1370168422497;1.370168422344E9
1370168422568;1.370168422357E9
1370168423186;1.370168423184E9
1370168423312;1.370168423305E9
1370168423626;1.370168423609E9
1370168424103;1.370168423654E9
1370168424251;1.370168424221E9
1370168424491;1.370168424458E9
1370168424503;1.370168424409E9
1370168425047;1.370168424947E9
1370168425162;1.370168425124E9
1370168425544;1.370168424881E9
1370168425801;1.370168425659E9
1370168426320;1.370168425638E9
1370168426624;1.370168426605E9
1370168426971;1.370168426862E9
1370168427398;1.370168426999E9
1370168427633;1.370168427107E9
1370168427800;1.370168426801E9
1370168427997;1.370168427895E9
1370168428266;1.370168428025E9
1370168428294;1.370168427569E9
1370168428695;1.370168428692E9
1370168428820;1.37016842855E9
1370168429387;1.370168429352E9
1370168429449;1.370168429293E9
1370168429613;1.370168429584E9
1370168429733;1.370168429697E9
1370168430010;1.37016843001E9
1370168430024;1.370168429999E9
1370168430689;1.370168430394E9
1370168430744;1.370168430626E9
1370168430781;1.370168430733E9
1370168430922;1.37016843084E9
1370168431087;1.370168430774E9
1370168431102;1.370168430334E9
1370168431615;1.37016843127E9
1370168431949;1.370168431685E9
1370168432035;1.370168431818E9
1370168432229;1.370168431977E9
1370168432690;1.370168432147E9
1370168432796;1.370168432628E9
1370168432983;1.370168432563E9
1370168432990;1.370168432593E9
1370168433159;1.370168432957E9
1370168433173;1.370168432926E9
1370168433222;1.37016843212E9
1370168433418;1.370168433207E9
1370168433427;1.37016843284E9
1370168433560;1.370168433444E9
1370168433974;1.37016843367E9
1370168433977;1.370168433754E9
1370168433995;1.37016843375E9
1370168434118;1.370168434116E9
1370168434409;1.370168434133E9
1370168434508;1.370168434253E9
1370168434631;1.370168434596E9
1370168434714;1.370168434689E9
1370168434737;1.370168434008E9
1370168434757;1.370168434752E9
1370168435107;1.370168434878E9
1370168435181;1.370168435076E9
1370168435189;1.3701684349E9
1370168435501;1.370168435144E9
1370168435554;1.370168435502E9
1370168435710;1.370168435709E9
1370168435799;1.37016843574E9
1370168435811;1.370168435565E9
1370168436138;1.370168436138E9
1370168436156;1.370168435602E9
1370168436684;1.370168436578E9
1370168436690;1.370168436615E9
1370168436809;1.370168436774E9
1370168436969;1.37016843695E9
1370168437022;1.370168436959E9
1370168437064;1.370168437037E9
1370168437517;1.370168437219E9
1370168437643;1.370168437584E9
1370168437912;1.370168437798E9
1370168438189;1.370168438026E9
1370168438281;1.370168438064E9
1370168438298;1.370168438297E9
1370168438697;1.370168438629E9
1370168439108;1.370168438947E9
1370168439184;1.370168439055E9
1370168439216;1.370168439185E9
1370168439336;1.370168439229E9
1370168439666;1.370168439358E9
1370168439934;1.370168439858E9
1370168439973;1.370168439972E9
1370168440149;1.370168439874E9
1370168440391;1.370168440211E9
1370168440394;1.370168440166E9
1370168440399;1.370168439898E9
1370168440416;1.370168440176E9
1370168440656;1.370168440634E9
1370168440769;1.370168440601E9
1370168440935;1.370168440934E9
1370168441092;1.370168441087E9
1370168441642;1.370168441156E9
1370168441767;1.370168441655E9
1370168441767;1.370168441317E9
1370168441861;1.370168441206E9
1370168442003;1.370168441307E9
1370168442290;1.37016844226E9
1370168442433;1.370168442234E9
1370168442530;1.370168442454E9
1370168442766;1.370168442741E9
1370168443140;1.370168443072E9
1370168443486;1.370168443435E9
1370168443535;1.370168443522E9
1370168443891;1.370168443845E9
1370168444338;1.370168444288E9
1370168444406;1.370168444159E9
1370168444419;1.370168444113E9
1370168444422;1.370168444377E9
1370168444892;1.370168444746E9
1370168445017;1.370168444924E9
1370168445714;1.370168445273E9
1370168445718;1.370168444795E9
1370168445745;1.370168445665E9
1370168445775;1.370168445371E9
1370168445875;1.370168444812E9
1370168445907;1.370168445905E9
1370168446077;1.370168446046E9
1370168446098;1.370168445975E9
1370168447081;1.37016844708E9
1370168447316;1.370168447196E9
1370168447502;1.370168447368E9
1370168447512;1.370168447099E9
1370168447678;1.370168447608E9
1370168447930;1.370168447912E9
1370168448176;1.370168448115E9
1370168448355;1.370168448253E9
1370168448698;1.370168448662E9
1370168448701;1.370168448676E9
1370168448784;1.370168448759E9
1370168449201;1.370168448914E9
1370168449265;1.370168449195E9
1370168449336;1.370168448986E9
1370168449504;1.370168449063E9
1370168449728;1.370168449645E9
1370168449887;1.370168449887E9
1370168450384;1.37016845023E9
1370168450431;1.370168450258E9
1370168450634;1.370168450464E9
1370168450692;1.370168450521E9
1370168450799;1.370168450499E9
1370168451009;1.370168450902E9
1370168451047;1.370168450574E9
1370168451170;1.37016845074E9
1370168451303;1.370168450856E9
1370168451360;1.37016845133E9
1370168451366;1.370168450954E9
1370168451496;1.370168451471E9
1370168451616;1.37016845132E9
1370168451887;1.37016845178E9
1370168451918;1.37016845179E9
1370168452062;1.370168451799E9
1370168452064;1.370168451817E9
1370168452301;1.370168451956E9
1370168452352;1.370168452352E9
1370168452370;1.370168452134E9
1370168452629;1.370168452627E9
1370168452960;1.370168452904E9
1370168453006;1.370168452779E9
1370168453030;1.370168452843E9
1370168453070;1.370168453023E9
1370168453258;1.37016845305E9
1370168453354;1.370168453347E9
1370168453586;1.370168453557E9
1370168453715;1.370168453711E9
1370168454724;1.370168454245E9
1370168454949;1.370168454561E9
1370168454986;1.370168454321E9
1370168455695;1.370168455562E9
1370168455932;1.370168455717E9
1370168455943;1.370168455681E9
1370168456317;1.3701684563E9
1370168456394;1.370168455991E9
1370168456538;1.370168456525E9
1370168456609;1.370168456518E9
1370168456792;1.370168456704E9
1370168456859;1.370168456749E9
1370168456873;1.370168456659E9
1370168456958;1.37016845692E9
1370168457078;1.370168456721E9
1370168457197;1.37016845719E9
1370168457218;1.370168457214E9
1370168457530;1.370168457456E9
1370168457561;1.37016845756E9
1370168457608;1.37016845759E9
1370168457853;1.370168457642E9
1370168457890;1.370168457651E9
1370168457959;1.370168457758E9
1370168458067;1.370168458004E9
1370168458072;1.370168457998E9
1370168458092;1.370168458008E9
1370168458194;1.3701684581E9
1370168458283;1.370168458134E9
1370168458439;1.370168458384E9
1370168458718;1.370168458525E9
1370168458882;1.370168458767E9
1370168459385;1.37016845923E9
1370168459409;1.370168459339E9
1370168459426;1.370168459328E9
1370168459932;1.370168459856E9
1370168460715;1.370168460624E9
1370168460982;1.370168460822E9
1370168461571;1.370168461516E9
1370168462143;1.370168461595E9
1370168462517;1.370168461846E9
1370168462886;1.370168461682E9
1370168463302;1.370168463284E9
1370168463407;1.370168463335E9
1370168463419;1.37016846176E9
1370168463419;1.370168462814E9
1370168463522;1.37016846331E9
1370168463585;1.370168463442E9
1370168463625;1.370168463624E9
1370168463951;1.370168463696E9
1370168464212;1.370168463818E9
1370168464235;1.370168464227E9
1370168464435;1.370168464169E9
1370168464589;1.370168464489E9
1370168464590;1.370168463844E9
1370168464754;1.370168463894E9
1370168464943;1.370168464727E9
1370168464962;1.370168464786E9
1370168465612;1.370168465093E9
1370168465655;1.370168465144E9
1370168465937;1.37016846566E9
1370168466268;1.370168465224E9
1370168466337;1.370168466328E9
1370168466851;1.37016846458E9
1370168467458;1.370168465701E9
1370168467496;1.370168467318E9
1370168467540;1.370168467086E9
1370168467586;1.370168466897E9
1370168467722;1.370168467618E9
1370168467723;1.370168467442E9
1370168467883;1.370168467747E9
1370168467915;1.37016846791E9
1370168467983;1.370168467922E9
1370168468101;1.370168467743E9
1370168468334;1.370168468241E9
1370168468635;1.370168468375E9
1370168468737;1.370168468729E9
1370168468902;1.370168468596E9
1370168468909;1.37016846865E9
1370168469023;1.370168469023E9
1370168469137;1.370168469135E9
1370168469286;1.370168469204E9
1370168469300;1.370168469177E9
1370168469349;1.370168469287E9
1370168469591;1.370168469547E9
1370168469675;1.370168469556E9
1370168469694;1.370168469682E9
1370168469938;1.370168469807E9
1370168470133;1.370168470031E9
1370168470146;1.370168470079E9
1370168470481;1.370168470419E9
1370168470556;1.370168470469E9
1370168471073;1.370168470998E9
1370168471080;1.37016847095E9
1370168471328;1.370168471261E9
1370168471723;1.370168471702E9
1370168471737;1.370168471692E9
1370168471808;1.370168471798E9
1370168472318;1.370168472305E9
1370168472545;1.370168472454E9
1370168472683;1.37016847259E9
1370168473201;1.370168472959E9
1370168473261;1.370168472983E9
1370168473550;1.370168473331E9
1370168473553;1.370168473325E9
1370168473910;1.370168473638E9
1370168474229;1.370168474224E9
1370168474382;1.37016847425E9
1370168474550;1.370168474458E9
1370168475393;1.37016847523E9
1370168475453;1.370168475307E9
1370168475783;1.370168475735E9
1370168475974;1.370168475938E9
1370168476019;1.370168475715E9
1370168476227;1.370168476162E9
1370168476618;1.37016847651E9
1370168476650;1.370168476573E9
1370168476761;1.370168476656E9
1370168476962;1.370168476957E9
1370168477327;1.370168477005E9
1370168477813;1.370168477813E9
1370168478035;1.370168477686E9
1370168478205;1.370168477904E9
1370168478330;1.370168478223E9
1370168478380;1.37016847823E9
1370168478563;1.370168478526E9
1370168478744;1.370168478729E9
1370168478936;1.370168478929E9
1370168479341;1.370168478784E9
1370168479470;1.370168479299E9
1370168479548;1.370168478904E9
1370168479650;1.370168479073E9
1370168479708;1.370168479692E9
1370168480156;1.370168480151E9
1370168480658;1.370168480641E9
1370168481455;1.370168481286E9
1370168481496;1.370168481235E9
1370168481832;1.370168481722E9
1370168481974;1.370168481632E9
1370168482196;1.370168482053E9
1370168482247;1.370168482136E9
1370168482293;1.370168482249E9
1370168482693;1.370168482578E9
1370168482714;1.370168482595E9
1370168482843;1.370168482751E9
1370168482896;1.370168482726E9
1370168483648;1.37016848357E9
1370168484093;1.370168484082E9
1370168484626;1.370168484566E9
1370168485215;1.37016848512E9
1370168485229;1.370168485151E9
1370168485255;1.370168485245E9
1370168485948;1.370168485883E9
1370168485999;1.370168485817E9
1370168486095;1.370168486048E9
1370168487046;1.370168486614E9
1370168487109;1.370168486977E9
1370168487519;1.370168487332E9
1370168487581;1.370168487104E9
1370168488026;1.370168487612E9
1370168488170;1.37016848729E9
1370168488244;1.370168488113E9
1370168488354;1.370168488347E9
1370168488552;1.370168488473E9
1370168488598;1.370168488468E9
1370168488661;1.370168488633E9
1370168488851;1.370168488705E9
1370168488882;1.370168488688E9
1370168489278;1.370168489021E9
1370168489350;1.370168489163E9
1370168489369;1.370168489341E9
1370168489536;1.370168489073E9
1370168489720;1.370168489424E9
1370168489908;1.370168489004E9
1370168490079;1.370168489088E9
1370168490323;1.370168490201E9
1370168490487;1.370168490357E9
1370168490539;1.370168490418E9
1370168490801;1.370168490679E9
1370168490919;1.37016849043E9
1370168491228;1.370168491108E9
1370168491341;1.370168491274E9
1370168491485;1.370168491412E9
1370168491725;1.370168491693E9
1370168491782;1.370168491712E9
1370168491888;1.370168491883E9
1370168491992;1.370168491912E9
1370168492048;1.370168491896E9
1370168492110;1.370168492095E9
1370168492215;1.370168492204E9
1370168492490;1.370168492448E9
1370168492801;1.370168492535E9
1370168493494;1.370168493478E9
1370168493719;1.370168493667E9
1370168493734;1.370168493565E9
1370168494004;1.370168493833E9
1370168494057;1.370168493957E9
1370168494171;1.370168494112E9
1370168494221;1.370168494209E9
1370168494489;1.370168494405E9
1370168494633;1.370168494585E9
1370168494639;1.370168494614E9
1370168494794;1.370168494612E9
1370168495019;1.370168495014E9
1370168495074;1.370168495069E9
1370168495121;1.370168495053E9
1370168495263;1.37016849516E9
1370168495375;1.370168495341E9
1370168495740;1.370168495735E9
1370168496067;1.370168495687E9
1370168496497;1.370168496137E9
1370168496501;1.370168495815E9
1370168496839;1.370168496018E9
1370168496877;1.370168496709E9
1370168496928;1.370168496262E9
1370168497224;1.370168496543E9
1370168497252;1.370168496959E9
1370168497383;1.370168496384E9
1370168497689;1.370168497327E9
1370168497744;1.370168497659E9
1370168497774;1.370168497469E9
1370168497923;1.370168497368E9
1370168498272;1.370168497902E9
1370168498399;1.370168498152E9
1370168498855;1.370168498486E9
1370168498953;1.370168498884E9
1370168499540;1.370168499523E9
1370168499673;1.370168499516E9
1370168499675;1.370168499674E9
1370168499859;1.370168499688E9
1370168499930;1.370168499344E9
1370168499962;1.370168499611E9
1370168499978;1.370168499978E9
1370168500036;1.370168499415E9
1370168500119;1.370168500021E9
1370168500847;1.370168500378E9
1370168501621;1.370168500957E9
1370168501646;1.370168500686E9
1370168502413;1.370168501544E9
1370168502604;1.370168502093E9
1370168502747;1.370168500539E9
1370168502979;1.370168502177E9
1370168503040;1.370168502926E9
1370168503181;1.370168501378E9
1370168503186;1.370168502903E9
1370168503257;1.370168501823E9
1370168503302;1.370168503236E9
1370168503365;1.370168502724E9
1370168504029;1.370168503766E9
1370168504058;1.370168503636E9
1370168504068;1.370168503998E9
1370168504690;1.370168504456E9
1370168505085;1.370168504956E9
1370168505200;1.370168504953E9
1370168505223;1.370168505133E9
1370168505337;1.370168505225E9
1370168505407;1.370168505366E9
1370168505671;1.370168505508E9
1370168505794;1.370168505727E9
1370168505848;1.370168505801E9
1370168506084;1.370168506061E9
1370168506975;1.37016850657E9
1370168507157;1.370168506615E9
1370168507309;1.370168506555E9
1370168507317;1.370168506623E9
1370168507494;1.37016850735E9
1370168507520;1.37016850667E9
1370168507534;1.370168506526E9
1370168507793;1.370168507778E9
1370168508115;1.370168508042E9
1370168508213;1.370168507838E9
1370168508271;1.370168508235E9
1370168508693;1.370168508506E9
1370168508855;1.370168508767E9
1370168508959;1.370168508922E9
1370168509046;1.370168509004E9
1370168509059;1.370168508858E9
1370168509360;1.370168508413E9
1370168509398;1.370168508524E9
1370168509546;1.370168509546E9
1370168509563;1.370168509222E9
1370168509662;1.370168508929E9
1370168510319;1.370168509986E9
1370168510437;1.370168510293E9
1370168510439;1.370168510374E9
1370168510929;1.370168510862E9
1370168510954;1.370168510951E9
1370168511178;1.370168511175E9
1370168511315;1.370168511301E9
1370168511819;1.370168511742E9
1370168511895;1.370168511799E9
1370168511938;1.370168511878E9
1370168512054;1.370168511962E9
1370168512093;1.370168512057E9
1370168512551;1.370168512353E9
1370168512961;1.370168512939E9
1370168512965;1.370168512817E9
1370168513102;1.370168513065E9
1370168513165;1.370168513008E9
1370168513439;1.370168513398E9
1370168513453;1.370168513401E9
1370168513694;1.370168513636E9
1370168514050;1.370168513987E9
1370168514223;1.370168514179E9
1370168515837;1.370168515836E9
1370168515994;1.370168515864E9
1370168516069;1.370168516008E9
1370168517122;1.370168517104E9
1370168517273;1.370168517127E9
1370168517449;1.370168516822E9
1370168517472;1.370168516995E9
1370168517620;1.37016851759E9
1370168517658;1.370168517516E9
1370168517766;1.370168517624E9
1370168517778;1.370168517741E9
1370168517897;1.370168516798E9
1370168518179;1.370168517986E9
1370168518556;1.370168518549E9
1370168518650;1.370168518604E9
1370168518931;1.370168518836E9
1370168519235;1.370168519203E9
1370168519412;1.370168519293E9
1370168519705;1.37016851966E9
1370168519754;1.370168519544E9
1370168520236;1.370168520232E9
1370168520291;1.370168519999E9
1370168520320;1.370168519841E9
1370168520346;1.370168519422E9
1370168520371;1.370168520237E9
1370168520551;1.370168520324E9
1370168520687;1.370168520661E9
1370168521093;1.370168521063E9
1370168521337;1.370168520947E9
1370168521346;1.370168521323E9
1370168521443;1.37016852142E9
1370168521501;1.370168521487E9
1370168521588;1.370168521583E9
1370168521674;1.370168521494E9
1370168521832;1.3701685216E9
1370168521931;1.370168521799E9
1370168522815;1.370168522795E9
1370168523271;1.370168523196E9
1370168523833;1.37016852383E9
1370168523853;1.370168523821E9
1370168523903;1.370168523762E9
1370168524445;1.370168524155E9
1370168524467;1.370168524147E9
1370168524566;1.370168524416E9
1370168524743;1.370168524434E9
1370168525068;1.370168524979E9
1370168525187;1.370168524733E9
1370168525472;1.370168525406E9
1370168525769;1.370168525627E9
1370168526039;1.370168525991E9
1370168526047;1.370168526046E9
1370168526104;1.370168525203E9
1370168526143;1.370168524972E9
1370168526553;1.37016852651E9
1370168526648;1.370168526469E9
1370168526730;1.370168526479E9
1370168526769;1.370168526768E9
1370168526853;1.370168526852E9
1370168527067;1.370168526984E9
1370168527107;1.370168526958E9
1370168527348;1.370168527311E9
1370168527396;1.370168527348E9
1370168527777;1.370168527692E9
1370168527778;1.370168527677E9
1370168528032;1.370168527845E9
1370168528036;1.370168527918E9
1370168528346;1.370168528183E9
1370168528457;1.370168528292E9
1370168528659;1.370168528611E9
1370168528901;1.370168528886E9
1370168528917;1.370168528915E9
1370168529152;1.37016852889E9
1370168529290;1.370168529035E9
1370168529338;1.370168529139E9
1370168529344;1.370168528206E9
1370168530198;1.370168530164E9
1370168530624;1.370168530461E9
1370168530879;1.370168530662E9
1370168531383;1.370168531136E9
1370168531724;1.370168531691E9
1370168531872;1.370168530899E9
1370168532034;1.370168532029E9
1370168532090;1.370168531886E9
1370168532193;1.370168532178E9
1370168532464;1.370168532369E9
1370168532555;1.370168532545E9
1370168532592;1.370168532421E9
1370168532690;1.370168532499E9
1370168532776;1.370168532511E9
1370168532887;1.370168532859E9
1370168532946;1.370168532848E9
1370168533142;1.370168533137E9
1370168533155;1.370168533005E9
1370168533595;1.370168533233E9
1370168534626;1.370168534621E9
1370168534641;1.370168534606E9
1370168534737;1.37016853471E9
1370168534862;1.370168534699E9
1370168534978;1.37016853496E9
1370168535198;1.370168535179E9
1370168535274;1.370168535234E9
1370168535463;1.370168535433E9
1370168535535;1.370168535365E9
1370168535634;1.370168535507E9
1370168535728;1.370168535619E9
1370168535852;1.370168535756E9
1370168535970;1.370168535864E9
1370168536268;1.370168536181E9
1370168536268;1.370168536072E9
1370168536425;1.370168536418E9
1370168536463;1.370168536456E9
1370168536505;1.370168536342E9
1370168536958;1.370168536953E9
1370168537470;1.370168537469E9
1370168537802;1.370168537794E9
1370168537938;1.370168537833E9
1370168537940;1.370168537824E9
1370168538186;1.370168538018E9
1370168538305;1.370168538145E9
1370168538656;1.370168538568E9
1370168538718;1.370168538713E9
1370168538793;1.37016853862E9
1370168539018;1.370168538894E9
1370168539027;1.37016853878E9
1370168539047;1.370168538755E9
1370168539070;1.370168538828E9
1370168539301;1.370168539292E9
1370168539527;1.370168539522E9
1370168539825;1.370168539818E9
1370168539927;1.370168539769E9
1370168540121;1.370168539958E9
1370168540155;1.370168540154E9
1370168540695;1.370168540526E9
1370168540785;1.370168540715E9
1370168541182;1.370168541161E9
1370168541209;1.370168541078E9
1370168541294;1.37016854123E9
1370168541360;1.370168541298E9
1370168541554;1.370168541419E9
1370168541733;1.370168541732E9
1370168542037;1.370168541884E9
1370168542048;1.370168542017E9
1370168542131;1.370168541864E9
1370168542532;1.370168542315E9
1370168542634;1.370168542177E9
1370168542657;1.370168542179E9
1370168542822;1.370168542663E9
1370168544135;1.370168543495E9
1370168544337;1.370168544217E9
1370168544640;1.370168544602E9
1370168544857;1.370168544804E9
1370168545072;1.370168544964E9
1370168545184;1.370168545082E9
1370168545536;1.370168545535E9
1370168545781;1.370168545682E9
1370168545922;1.370168545838E9
1370168546492;1.370168546449E9
1370168546603;1.370168546427E9
1370168546668;1.370168546318E9
1370168546679;1.370168546674E9
1370168546685;1.370168546354E9
1370168546776;1.370168546758E9
1370168547184;1.37016854707E9
1370168547233;1.370168547045E9
1370168547395;1.370168547384E9
1370168547402;1.370168547397E9
1370168547709;1.37016854748E9
1370168548141;1.370168548063E9
1370168548475;1.370168548402E9
1370168548579;1.370168548578E9
1370168548583;1.370168548537E9
1370168548759;1.370168548758E9
1370168548900;1.37016854881E9
1370168549236;1.370168549132E9
1370168549441;1.37016854944E9
1370168549620;1.37016854962E9
1370168549946;1.370168549801E9
1370168550114;1.370168549981E9
1370168550305;1.370168549974E9
1370168550398;1.370168550227E9
1370168550400;1.37016855021E9
1370168550479;1.370168550274E9
1370168550548;1.370168550517E9
1370168550705;1.370168550672E9
1370168551060;1.370168550939E9
1370168551103;1.370168550866E9
1370168551296;1.370168551068E9
1370168551576;1.370168551477E9
1370168551636;1.370168551625E9
1370168551922;1.370168551753E9
1370168551939;1.370168551702E9
1370168552278;1.370168552059E9
1370168552407;1.370168552306E9
1370168552608;1.370168552134E9
1370168552779;1.370168552001E9
1370168552804;1.370168552198E9
1370168552996;1.370168552728E9
1370168553147;1.370168552679E9
1370168553506;1.370168553204E9
1370168553802;1.370168553466E9
1370168553818;1.370168553603E9
1370168553981;1.370168553889E9
1370168554425;1.370168553849E9
1370168554817;1.370168554343E9
1370168554858;1.370168554746E9
1370168554879;1.370168554358E9
1370168554947;1.370168554633E9
1370168555344;1.370168555341E9
1370168555463;1.370168555381E9
1370168556176;1.37016855596E9
1370168556385;1.370168556378E9
1370168556654;1.370168556296E9
1370168557118;1.370168556407E9
1370168557132;1.370168556606E9
1370168557195;1.37016855655E9
1370168557398;1.370168556765E9
1370168557633;1.370168557272E9
1370168557710;1.370168556894E9
1370168557954;1.37016855776E9
1370168558165;1.370168558034E9
1370168558198;1.370168558198E9
1370168558311;1.37016855825E9
1370168558670;1.370168558609E9
1370168558681;1.370168558479E9
1370168558744;1.370168558696E9
1370168559225;1.370168558873E9
1370168559261;1.37016855926E9
1370168559706;1.37016855888E9
1370168559760;1.370168559308E9
1370168559964;1.370168559395E9
1370168560178;1.370168559404E9
1370168560314;1.370168558928E9
1370168560521;1.370168560497E9
1370168561095;1.370168561009E9
1370168561167;1.370168561133E9
1370168561291;1.370168561256E9
1370168561395;1.370168561303E9
1370168561412;1.370168561344E9
1370168561575;1.370168561412E9
1370168561787;1.370168561648E9
1370168561889;1.370168561478E9
1370168562032;1.370168561979E9
1370168562197;1.370168561984E9
1370168562409;1.370168562282E9
1370168562782;1.370168562719E9
1370168563053;1.370168562994E9
1370168563061;1.370168562913E9
1370168563143;1.370168563138E9
1370168563213;1.370168563091E9
1370168563384;1.370168563316E9
1370168563534;1.370168563504E9
1370168563631;1.370168563608E9
1370168563795;1.370168563746E9
1370168563986;1.370168563961E9
1370168564185;1.370168563941E9
1370168564208;1.370168564063E9
1370168564499;1.370168564484E9
1370168564687;1.370168564534E9
1370168564980;1.370168564834E9
1370168565127;1.370168564745E9
1370168565224;1.370168565143E9
1370168565390;1.370168564868E9
1370168565454;1.37016856503E9
1370168565683;1.370168565657E9
1370168565852;1.370168565789E9
1370168566316;1.370168566239E9
1370168566700;1.370168566573E9
1370168566702;1.370168566682E9
1370168566772;1.370168566604E9
1370168567031;1.370168566979E9
1370168567187;1.370168567082E9
1370168567334;1.370168567314E9
1370168567598;1.370168567434E9
1370168567618;1.37016856734E9
1370168567729;1.370168567665E9
1370168567901;1.370168567834E9
1370168568236;1.370168568043E9
1370168568736;1.370168568716E9
1370168568739;1.37016856872E9
1370168568992;1.370168568973E9
1370168569133;1.370168569117E9
1370168569518;1.370168569478E9
1370168569780;1.370168569705E9
1370168569781;1.370168569587E9
1370168569836;1.370168569831E9
1370168569938;1.370168569805E9
1370168570053;1.370168570012E9
1370168570347;1.370168570163E9
1370168570542;1.370168570492E9
1370168570581;1.370168570546E9
1370168571066;1.370168570833E9
1370168571273;1.370168571179E9
1370168571328;1.370168571276E9
1370168571436;1.37016857113E9
1370168571478;1.370168571394E9
1370168571555;1.370168571527E9
1370168571689;1.370168571403E9
1370168571891;1.370168571813E9
1370168571912;1.37016857191E9
1370168572197;1.370168572076E9
1370168572432;1.370168572375E9
1370168572926;1.370168572446E9
1370168573195;1.370168573194E9
1370168573250;1.370168573171E9
1370168574206;1.370168574189E9
1370168574400;1.370168574229E9
1370168574908;1.370168574853E9
1370168575061;1.370168575056E9
1370168575193;1.370168574951E9
1370168575386;1.370168575251E9
1370168575652;1.370168575487E9
1370168575936;1.37016857585E9
1370168576180;1.370168575724E9
1370168576317;1.370168576052E9
1370168576852;1.37016857683E9
1370168577488;1.370168577328E9
1370168577624;1.370168577376E9
1370168577799;1.370168577583E9
1370168578035;1.370168577938E9
1370168578133;1.370168578082E9
1370168578231;1.370168578111E9
1370168578284;1.370168577579E9
1370168578521;1.370168578137E9
1370168578683;1.370168578631E9
1370168579039;1.370168579024E9
1370168579878;1.370168579612E9
1370168579906;1.370168579896E9
1370168579971;1.370168579509E9
1370168580095;1.370168580034E9
1370168580176;1.370168580131E9
1370168580186;1.370168580123E9
1370168580221;1.370168580155E9
1370168580595;1.370168580569E9
1370168580623;1.370168580146E9
1370168580795;1.370168580651E9
1370168580815;1.3701685808E9
1370168580871;1.370168580871E9
1370168581078;1.370168581043E9
1370168581225;1.370168581195E9
1370168581623;1.370168581261E9
1370168582029;1.370168581744E9
1370168582038;1.370168581331E9
1370168582053;1.370168581361E9
1370168582062;1.370168581917E9
1370168582193;1.370168582103E9
1370168582213;1.370168581933E9
1370168582290;1.370168582202E9
1370168582593;1.370168582569E9
1370168582686;1.370168582629E9
1370168582714;1.370168582618E9
1370168583056;1.370168583033E9
1370168583135;1.370168582775E9
1370168583168;1.370168583157E9
1370168583185;1.370168583088E9
1370168584160;1.370168583767E9
1370168584226;1.370168584004E9
1370168584598;1.370168583731E9
1370168584649;1.370168583773E9
1370168585080;1.37016858479E9
1370168585113;1.370168583841E9
1370168585347;1.370168584743E9
1370168585655;1.370168585648E9
1370168585658;1.370168585171E9
1370168585693;1.370168585577E9
1370168585828;1.370168585673E9
1370168586094;1.370168585061E9
1370168586284;1.370168585663E9
1370168586759;1.370168586198E9
1370168586995;1.370168586332E9
1370168587350;1.370168586768E9
1370168587357;1.370168586943E9
1370168587372;1.370168587262E9
1370168587384;1.370168587138E9
1370168587519;1.370168587419E9
1370168587528;1.370168586393E9
1370168587683;1.370168587458E9
1370168588098;1.370168587887E9
1370168588192;1.370168587159E9
1370168588210;1.370168587849E9
1370168588430;1.370168588415E9
1370168588481;1.370168588456E9
1370168588483;1.370168588453E9
1370168588562;1.370168588518E9
1370168588612;1.370168588582E9
1370168588942;1.370168588897E9
1370168589181;1.370168589049E9
1370168589480;1.370168589203E9
1370168589548;1.370168589298E9
1370168589604;1.370168589286E9
1370168589729;1.370168589398E9
1370168589868;1.370168589845E9
1370168590319;1.370168590192E9
1370168590827;1.370168590731E9
1370168590861;1.370168590721E9
1370168590955;1.37016859095E9
1370168592028;1.370168591978E9
1370168592231;1.370168592119E9
1370168592620;1.37016859239E9
1370168593027;1.370168592881E9
1370168593209;1.370168593175E9
1370168593469;1.370168593243E9
1370168593606;1.370168593267E9
1370168594365;1.370168594337E9
1370168594499;1.370168594286E9
1370168595157;1.370168594858E9
1370168595454;1.370168595332E9
1370168595534;1.370168595533E9
1370168595671;1.370168595327E9
1370168595675;1.37016859532E9
1370168596043;1.370168595931E9
1370168596092;1.370168595961E9
1370168596455;1.370168596332E9
1370168596517;1.370168596015E9
1370168596536;1.370168596118E9
1370168596708;1.370168596692E9
1370168596879;1.370168596647E9
1370168597110;1.370168596798E9
1370168597310;1.370168596885E9
1370168597369;1.370168597143E9
1370168597383;1.370168597111E9
1370168597665;1.370168597479E9
1370168597693;1.370168597556E9
1370168597709;1.370168597631E9
1370168597742;1.370168597738E9
1370168598455;1.370168598409E9
1370168598468;1.370168598423E9
1370168598924;1.370168598898E9
1370168599178;1.370168598761E9
1370168599716;1.370168599715E9
1370168600036;1.370168599799E9
1370168600150;1.370168599502E9
1370168600169;1.370168600079E9
1370168600290;1.370168599852E9
1370168600648;1.370168600639E9
1370168600946;1.370168600442E9
1370168600966;1.370168599582E9
1370168600996;1.370168600368E9
1370168601017;1.370168600266E9
1370168601027;1.370168600341E9
1370168601031;1.37016860068E9
1370168601080;1.370168600351E9
1370168601401;1.370168601098E9
1370168601427;1.370168600904E9
1370168601482;1.370168601469E9
1370168601647;1.370168601588E9
1370168601947;1.370168601888E9
1370168602588;1.370168602587E9
1370168602715;1.370168602539E9
1370168602802;1.370168602443E9
1370168602999;1.370168602578E9
1370168603183;1.370168602729E9
1370168603400;1.370168603372E9
1370168603561;1.370168603549E9
1370168603705;1.370168603631E9
1370168603817;1.370168603799E9
1370168603877;1.370168603877E9
1370168604107;1.370168604061E9
1370168604163;1.370168604151E9
1370168604532;1.370168604532E9
1370168604665;1.370168604639E9
1370168604925;1.370168604771E9
1370168605049;1.370168605044E9
1370168605196;1.37016860515E9
1370168605247;1.370168604778E9
1370168605370;1.370168605209E9
1370168605402;1.370168605269E9
1370168605595;1.370168605463E9
1370168605841;1.370168605607E9
1370168605858;1.370168605847E9
1370168605902;1.370168605653E9
1370168605927;1.370168605599E9
1370168606183;1.370168606181E9
1370168606220;1.37016860605E9
1370168606333;1.370168606077E9
1370168606512;1.370168606396E9
1370168606536;1.37016860646E9
1370168606711;1.370168606616E9
1370168606974;1.370168606969E9
1370168607004;1.370168606976E9
1370168607502;1.370168607355E9
1370168607728;1.37016860734E9
1370168607748;1.370168607667E9
1370168607932;1.370168607892E9
1370168607957;1.370168607865E9
1370168608007;1.370168607857E9
1370168608292;1.370168608291E9
1370168608476;1.370168608454E9
1370168608632;1.370168608581E9
1370168609073;1.370168608992E9
1370168609969;1.370168609969E9
1370168610078;1.37016860964E9
1370168610097;1.370168609158E9
1370168610202;1.370168609961E9
1370168610504;1.370168610393E9
1370168610917;1.370168610734E9
1370168610950;1.3701686106E9
1370168611811;1.370168611294E9
1370168611838;1.370168611786E9
1370168611909;1.370168611619E9
1370168611951;1.370168611949E9
1370168612096;1.370168612006E9
1370168612680;1.370168612084E9
1370168612745;1.370168612691E9
1370168612995;1.370168612988E9
1370168613038;1.370168612927E9
1370168613506;1.370168613361E9
1370168613592;1.37016861338E9
1370168613799;1.370168613395E9
1370168613851;1.370168613006E9
1370168613910;1.370168613909E9
1370168614403;1.37016861433E9
1370168614573;1.370168614259E9
1370168614634;1.370168614085E9
1370168614721;1.370168614662E9
1370168614962;1.370168614752E9
1370168615392;1.370168615391E9
1370168615833;1.370168615811E9
1370168616055;1.370168616016E9
1370168616057;1.370168615979E9
1370168616224;1.370168616223E9
1370168616458;1.370168616382E9
1370168617036;1.370168616986E9
1370168617689;1.370168617673E9
1370168618035;1.370168618005E9
1370168618052;1.370168618E9
1370168618197;1.370168618182E9
1370168618434;1.370168618358E9
1370168618482;1.370168618386E9
1370168619073;1.370168619073E9
1370168619420;1.370168619234E9
1370168619446;1.370168619098E9
1370168619612;1.370168619496E9
1370168619692;1.370168619649E9
1370168619827;1.370168619623E9
1370168619984;1.370168619835E9
1370168620098;1.370168620034E9
1370168620202;1.370168620005E9
1370168620369;1.370168620362E9
1370168620598;1.370168620426E9
1370168620630;1.370168620482E9
1370168620718;1.370168620663E9
1370168620794;1.370168620793E9
1370168621535;1.370168621041E9
1370168621548;1.370168621096E9
1370168621583;1.370168621251E9
1370168621711;1.370168621668E9
1370168621727;1.370168621726E9
1370168622217;1.370168622042E9
1370168622342;1.370168622132E9
1370168622366;1.370168621748E9
1370168622438;1.370168621633E9
1370168622457;1.370168622031E9
1370168622713;1.37016862179E9
1370168622791;1.370168621463E9
1370168622935;1.3701686225E9
1370168623036;1.370168623026E9
1370168623260;1.370168622419E9
1370168623463;1.370168623463E9
1370168623730;1.370168623513E9
1370168623879;1.370168623375E9
1370168624042;1.370168623832E9
1370168624054;1.370168623994E9
1370168624195;1.370168624013E9
1370168624196;1.370168623302E9
1370168624236;1.370168624213E9
1370168624728;1.37016862436E9
1370168624864;1.370168624703E9
1370168624904;1.370168624268E9
1370168624916;1.3701686245E9
1370168625022;1.370168624608E9
1370168625041;1.370168624279E9
1370168625305;1.370168625298E9
1370168625364;1.370168625E9
1370168625482;1.370168625375E9
1370168625604;1.370168625531E9
1370168625699;1.37016862564E9
1370168625854;1.370168625824E9
1370168626110;1.370168625967E9
1370168626456;1.370168626404E9
1370168626501;1.370168626499E9
1370168626805;1.3701686267E9
1370168626808;1.370168626753E9
1370168627054;1.370168627019E9
1370168627098;1.370168626968E9
1370168627547;1.370168627227E9
1370168627584;1.370168627286E9
1370168627691;1.37016862728E9
1370168627695;1.370168627669E9
1370168627831;1.370168627822E9
1370168628142;1.370168627824E9
1370168628572;1.3701686283E9
1370168628751;1.370168628631E9
1370168628759;1.370168628752E9
1370168629029;1.370168628831E9
1370168629429;1.370168629347E9
1370168629511;1.370168629329E9
1370168630190;1.370168630091E9
1370168630289;1.370168630288E9
1370168630513;1.370168630234E9
1370168630533;1.370168630363E9
1370168630682;1.370168630569E9
1370168630776;1.370168630726E9
1370168631617;1.370168631515E9
1370168631996;1.370168631696E9
1370168632006;1.370168631916E9
1370168632026;1.370168631761E9
1370168632031;1.370168631745E9
1370168632307;1.370168631804E9
1370168632328;1.370168632089E9
1370168632621;1.370168632439E9
1370168633351;1.370168633151E9
1370168634151;1.370168633893E9
1370168634316;1.370168634315E9
1370168634460;1.370168634458E9
1370168634610;1.370168634401E9
1370168634833;1.370168634734E9
1370168635346;1.370168635254E9
1370168635473;1.370168635447E9
1370168635940;1.370168635727E9
1370168636324;1.370168636259E9
1370168636527;1.370168635848E9
1370168636814;1.370168636794E9
1370168637137;1.370168637031E9
1370168637217;1.370168637179E9
1370168637297;1.370168637259E9
1370168637648;1.370168637516E9
1370168637691;1.370168637312E9
1370168637730;1.370168637668E9
1370168637778;1.370168637557E9
1370168638226;1.370168638224E9
1370168638269;1.370168638025E9
1370168638700;1.370168638699E9
1370168638734;1.370168638733E9
1370168638893;1.370168638883E9
1370168639186;1.370168639068E9
1370168639263;1.370168639258E9
1370168639484;1.370168639479E9
1370168639491;1.370168639489E9
1370168639593;1.370168639567E9
1370168639857;1.37016863962E9
1370168639923;1.370168639878E9
1370168639931;1.37016863989E9
1370168640022;1.370168639982E9
1370168640092;1.37016864007E9
1370168640145;1.370168640097E9
1370168640352;1.370168640184E9
1370168640363;1.370168640212E9
1370168640815;1.37016864064E9
1370168640897;1.370168640786E9
1370168641172;1.3701686409E9
1370168641296;1.37016864123E9
1370168641460;1.370168641244E9
1370168642200;1.370168642189E9
1370168642764;1.370168642721E9
1370168643033;1.37016864299E9
1370168643043;1.370168642767E9
1370168643366;1.37016864332E9
1370168643653;1.370168643542E9
1370168643882;1.370168643842E9
1370168644143;1.370168644002E9
1370168644197;1.370168644182E9
1370168644204;1.370168643972E9
1370168644265;1.370168644186E9
1370168644660;1.370168644628E9
1370168644760;1.370168644541E9
1370168644815;1.370168644489E9
1370168645085;1.370168645034E9
1370168645260;1.370168645163E9
1370168645692;1.370168645654E9
1370168645754;1.370168645718E9
1370168645899;1.370168645803E9
1370168645951;1.370168645324E9
1370168645959;1.370168645903E9
1370168646067;1.370168646057E9
1370168646505;1.370168646362E9
1370168646571;1.370168646552E9
1370168646986;1.370168646969E9
1370168647296;1.370168647199E9
1370168647526;1.37016864749E9
1370168647618;1.370168647455E9
1370168647817;1.370168647797E9
1370168648028;1.370168647825E9
1370168648252;1.370168648042E9
1370168648745;1.370168648684E9
1370168649070;1.370168649035E9
1370168649449;1.370168648876E9
1370168649588;1.37016864949E9
1370168649941;1.370168649938E9
1370168650047;1.370168650014E9
1370168650126;1.370168650081E9
1370168650318;1.370168650207E9
1370168650600;1.370168650244E9
1370168650787;1.370168650622E9
1370168650816;1.370168650774E9
1370168651070;1.370168651022E9
1370168651226;1.370168651081E9
1370168651347;1.370168651327E9
1370168651472;1.370168651361E9
1370168651594;1.370168651447E9
1370168651652;1.370168651582E9
1370168652604;1.370168651969E9
1370168652649;1.370168652468E9
1370168652749;1.370168652159E9
1370168653063;1.370168652818E9
1370168653623;1.370168653456E9
1370168653824;1.370168653821E9
1370168654392;1.370168653996E9
1370168654536;1.370168653953E9
1370168654578;1.370168653502E9
1370168654854;1.370168653293E9
1370168654911;1.370168653308E9
1370168654933;1.370168653763E9
1370168654970;1.370168654857E9
1370168655373;1.370168655248E9
1370168655486;1.370168654707E9
1370168655828;1.370168655456E9
1370168655873;1.370168655533E9
1370168655924;1.370168655633E9
1370168656125;1.370168655942E9
1370168656483;1.37016865611E9
1370168656511;1.370168655036E9
1370168656693;1.37016865652E9
1370168656704;1.370168655814E9
1370168657024;1.370168656868E9
1370168657050;1.370168656846E9
1370168657086;1.370168656757E9
1370168657096;1.370168656716E9
1370168657496;1.370168657496E9
1370168657549;1.370168657547E9
1370168657679;1.37016865756E9
1370168658328;1.370168658317E9
1370168658934;1.370168658574E9
1370168658939;1.370168658788E9
1370168659042;1.370168659038E9
1370168659231;1.370168659193E9
1370168659322;1.370168659246E9
1370168659414;1.370168659338E9
1370168659559;1.370168659428E9
1370168659623;1.370168659443E9
1370168659793;1.370168659714E9
1370168659972;1.37016865997E9
1370168660274;1.370168660019E9
1370168660277;1.370168660015E9
1370168660402;1.370168660282E9
1370168660771;1.37016866059E9
1370168660967;1.370168660901E9
1370168661018;1.370168661002E9
1370168661182;1.370168661182E9
1370168661354;1.370168661246E9
1370168661425;1.370168661279E9
1370168661506;1.370168661502E9
1370168662441;1.370168662398E9
1370168662534;1.370168662376E9
1370168662938;1.370168662937E9
1370168663074;1.370168663063E9
1370168663149;1.370168663133E9
1370168663284;1.370168663141E9
1370168663446;1.370168663189E9
1370168663461;1.370168663349E9
1370168664136;1.370168664041E9
1370168664278;1.370168664022E9
1370168664441;1.370168664258E9
1370168664517;1.370168664049E9
1370168664532;1.370168664378E9
1370168664639;1.370168664533E9
1370168665115;1.370168665065E9
1370168665163;1.370168665095E9
1370168665715;1.370168665576E9
1370168665773;1.370168665625E9
1370168665790;1.370168665621E9
1370168665956;1.370168665496E9
1370168666283;1.370168666223E9
1370168666581;1.370168666432E9
1370168666819;1.370168666376E9
1370168666859;1.370168665839E9
1370168667395;1.370168665911E9
1370168667425;1.370168666934E9
1370168667645;1.370168667064E9
1370168667731;1.370168667218E9
1370168667742;1.370168667682E9
1370168667814;1.370168667812E9
1370168667972;1.370168667504E9
1370168668285;1.370168668167E9
1370168668408;1.370168668388E9
1370168668468;1.370168668422E9
1370168668679;1.370168668614E9
1370168668910;1.37016866885E9
1370168668973;1.370168668806E9
1370168669398;1.370168669336E9
1370168669470;1.370168669469E9
1370168669815;1.370168669778E9
1370168670335;1.370168670333E9
1370168670581;1.370168670491E9
1370168671294;1.370168670991E9
1370168671759;1.370168671373E9
1370168671829;1.370168671829E9
1370168672018;1.370168671751E9
1370168672079;1.370168671882E9
1370168672281;1.370168672207E9
1370168672483;1.37016867235E9
1370168672750;1.37016867259E9
1370168672855;1.370168672732E9
1370168672869;1.370168672723E9
1370168673088;1.370168672933E9
1370168673330;1.370168672842E9
1370168673762;1.370168673495E9
1370168674044;1.370168674042E9
1370168674106;1.370168673415E9
1370168674308;1.370168674297E9
1370168674358;1.370168674344E9
1370168674378;1.370168673641E9
1370168674776;1.370168674592E9
1370168674938;1.370168674765E9
1370168675038;1.370168675018E9
1370168675827;1.370168675674E9
1370168675963;1.370168675751E9
1370168676015;1.37016867599E9
1370168676124;1.370168676073E9
1370168676243;1.37016867608E9
1370168676377;1.370168676349E9
1370168676484;1.370168676476E9
1370168676535;1.370168676452E9
1370168676618;1.370168676568E9
1370168676824;1.370168676819E9
1370168677105;1.37016867681E9
1370168677183;1.370168677178E9
1370168677300;1.370168676807E9
1370168677410;1.370168677252E9
1370168677676;1.370168677632E9
1370168678048;1.370168677945E9
1370168678313;1.370168678204E9
1370168678778;1.370168678777E9
1370168678907;1.370168678805E9
1370168679086;1.370168678794E9
1370168679220;1.370168679183E9
1370168679274;1.370168678546E9
1370168679350;1.370168678465E9
1370168679519;1.370168679444E9
1370168679525;1.370168679503E9
1370168679615;1.370168679536E9
1370168679681;1.370168679664E9
1370168679928;1.370168679924E9
1370168680013;1.370168679959E9
1370168680134;1.370168680099E9
1370168680777;1.370168680726E9
1370168681074;1.370168681006E9
1370168681321;1.370168681124E9
1370168681436;1.370168681408E9
1370168681618;1.370168681458E9
1370168681692;1.370168681662E9
1370168681789;1.370168681774E9
1370168682445;1.370168681822E9
1370168682578;1.370168681958E9
1370168682722;1.370168682581E9
1370168682750;1.370168681898E9
1370168682787;1.370168681802E9
1370168682947;1.370168682839E9
1370168683048;1.370168683021E9
1370168683146;1.370168683097E9
1370168683312;1.370168683288E9
1370168683428;1.370168683327E9
1370168683602;1.370168683574E9
1370168683662;1.370168683493E9
1370168683827;1.370168683792E9
1370168684412;1.370168684411E9
1370168684639;1.370168684596E9
1370168684675;1.370168684643E9
1370168684761;1.370168684759E9
1370168684825;1.370168684721E9
1370168685052;1.370168684588E9
1370168685532;1.370168685286E9
1370168685750;1.370168685716E9
1370168686049;1.370168685966E9
1370168686059;1.370168685991E9
1370168686165;1.370168686101E9
1370168686214;1.37016868619E9
1370168686303;1.370168686267E9
1370168686467;1.370168686379E9
1370168686493;1.370168686411E9
1370168686718;1.370168686654E9
1370168686728;1.370168686198E9
1370168686902;1.370168686872E9
1370168686919;1.370168686918E9
1370168687158;1.370168686908E9
1370168687242;1.370168687216E9
1370168687423;1.370168687421E9
1370168687446;1.370168687254E9
1370168687531;1.370168687195E9
1370168687535;1.37016868748E9
1370168687645;1.370168687362E9
1370168687687;1.370168687626E9
1370168687711;1.370168687577E9
1370168687819;1.37016868775E9
1370168688401;1.370168688375E9
1370168688419;1.370168688322E9
1370168688555;1.37016868853E9
1370168688685;1.370168688609E9
1370168688751;1.370168688743E9
1370168688918;1.370168688867E9
1370168689656;1.370168689647E9
1370168689978;1.370168689792E9
1370168690115;1.370168690052E9
1370168690458;1.370168690241E9
1370168690996;1.370168690989E9
1370168691037;1.370168690897E9
1370168691052;1.37016869058E9
1370168691241;1.370168691007E9
1370168691571;1.37016869145E9
1370168691885;1.370168691835E9
1370168691892;1.37016869182E9
1370168692337;1.370168692218E9
1370168692600;1.370168692501E9
1370168692973;1.37016869284E9
1370168693189;1.370168692762E9
1370168693391;1.370168692892E9
1370168693678;1.370168693479E9
1370168693722;1.370168692851E9
1370168694087;1.37016869403E9
1370168694110;1.37016869409E9
1370168694165;1.370168694131E9
1370168694230;1.370168694143E9
1370168694354;1.370168694319E9
1370168694523;1.370168694368E9
1370168694601;1.370168694339E9
1370168694846;1.370168694427E9
1370168694923;1.370168694355E9
1370168695217;1.370168694175E9
1370168695286;1.37016869468E9
1370168695288;1.370168694814E9
1370168695509;1.370168695499E9
1370168695830;1.370168695684E9
1370168695967;1.37016869592E9
1370168696011;1.370168695969E9
1370168696029;1.370168695823E9
1370168696822;1.37016869669E9
1370168696975;1.370168696946E9
1370168697023;1.370168696725E9
1370168697149;1.370168697107E9
1370168697447;1.370168697445E9
1370168697556;1.370168697509E9
1370168698334;1.370168698275E9
1370168698584;1.370168698575E9
1370168698899;1.37016869879E9
1370168698932;1.370168698824E9
1370168699017;1.370168698936E9
1370168699237;1.370168699045E9
1370168699402;1.370168699077E9
1370168699520;1.370168699183E9
1370168699645;1.37016869961E9
1370168699662;1.370168699441E9
1370168700128;1.370168699956E9
1370168700796;1.370168700791E9
1370168701036;1.370168701034E9
1370168701266;1.370168700935E9
1370168701420;1.370168700971E9
1370168701605;1.37016870153E9
1370168701787;1.370168701568E9
1370168701862;1.370168701721E9
1370168701954;1.370168701899E9
1370168702220;1.370168702084E9
1370168702562;1.370168702122E9
1370168702705;1.370168702434E9
1370168702756;1.370168702489E9
1370168703095;1.370168702913E9
1370168703346;1.370168703222E9
1370168703743;1.370168703718E9
1370168703785;1.370168703755E9
1370168704161;1.370168704156E9
1370168704170;1.370168704018E9
1370168704901;1.370168704754E9
1370168705272;1.370168705032E9
1370168705283;1.370168704791E9
1370168705470;1.370168705072E9
1370168705500;1.370168704813E9
1370168705623;1.370168705604E9
1370168705666;1.37016870551E9
1370168705913;1.370168705842E9
1370168706008;1.370168705729E9
1370168706143;1.37016870613E9
1370168706457;1.370168706384E9
1370168706463;1.370168706463E9
1370168706764;1.370168706592E9
1370168707541;1.370168706897E9
1370168707625;1.370168707483E9
1370168707681;1.370168707421E9
1370168707750;1.370168706578E9
1370168707974;1.370168706886E9
1370168708108;1.3701687081E9
1370168708228;1.370168707982E9
1370168708572;1.37016870846E9
1370168708685;1.370168708013E9
1370168709124;1.370168709101E9
1370168709352;1.370168709258E9
1370168709754;1.370168709752E9
1370168709807;1.370168709802E9
1370168710201;1.370168710096E9
1370168710328;1.370168710092E9
1370168710763;1.370168710527E9
1370168710873;1.370168710368E9
1370168710903;1.370168710469E9
1370168710986;1.370168710085E9
1370168711135;1.370168711019E9
1370168711199;1.370168711063E9
1370168711236;1.370168710723E9
1370168711630;1.370168711561E9
1370168711794;1.370168711774E9
1370168712469;1.370168712396E9
1370168712787;1.370168712777E9
1370168713024;1.370168712086E9
1370168713256;1.370168713036E9
1370168713352;1.370168713264E9
1370168713396;1.37016871307E9
1370168714241;1.370168712542E9
1370168714284;1.370168713321E9
1370168714709;1.370168714518E9
1370168714893;1.370168714529E9
1370168715257;1.370168715165E9
1370168715408;1.370168715356E9
1370168715581;1.37016871545E9
1370168715596;1.37016871513E9
1370168715707;1.370168715633E9
1370168715750;1.370168715569E9
1370168715770;1.370168715321E9
1370168715803;1.370168715724E9
1370168716067;1.370168716018E9
1370168716093;1.370168716041E9
1370168716113;1.370168716038E9
1370168716530;1.370168716456E9
1370168716835;1.370168716583E9
1370168716866;1.370168716819E9
1370168717282;1.37016871716E9
1370168717297;1.370168717002E9
1370168717449;1.370168716954E9
1370168717540;1.370168717539E9
1370168717649;1.370168717542E9
1370168717742;1.370168717508E9
1370168717773;1.370168717772E9
1370168718001;1.370168717986E9
1370168718416;1.370168718265E9
1370168718462;1.370168718204E9
1370168718798;1.370168718351E9
1370168718805;1.370168718734E9
1370168719179;1.370168719174E9
1370168719486;1.370168719309E9
1370168719561;1.370168719389E9
1370168719770;1.370168719518E9
1370168719886;1.370168719532E9
1370168720139;1.370168719938E9
1370168720191;1.370168719062E9
1370168720310;1.37016872029E9
1370168720462;1.370168720416E9
1370168720613;1.370168720512E9
1370168720951;1.370168720855E9
1370168720984;1.370168720885E9
1370168721110;1.37016872101E9
1370168721150;1.370168721149E9
1370168721335;1.370168721327E9
1370168721578;1.370168721567E9
1370168721867;1.370168721808E9
1370168722155;1.370168722125E9
1370168722412;1.370168722377E9
1370168722553;1.370168722531E9
1370168722762;1.370168722618E9
1370168722876;1.370168722827E9
1370168723108;1.370168722977E9
1370168723299;1.370168723284E9
1370168723708;1.370168723354E9
1370168723976;1.370168723856E9
1370168724000;1.370168724E9
1370168724016;1.370168723916E9
1370168724569;1.370168724414E9
1370168725141;1.370168725029E9
1370168725157;1.37016872499E9
1370168725180;1.370168725164E9
1370168726442;1.370168726303E9
1370168726580;1.370168726557E9
1370168727216;1.370168727191E9
1370168727407;1.370168727406E9
1370168727453;1.37016872683E9
1370168727472;1.370168727318E9
1370168727499;1.370168727008E9
1370168727588;1.370168727533E9
1370168727811;1.370168727809E9
1370168727867;1.370168727797E9
1370168727950;1.370168727762E9
1370168728012;1.370168727794E9
1370168728594;1.370168728358E9
1370168728871;1.370168728815E9
1370168729150;1.370168729021E9
1370168729160;1.370168729064E9
1370168729283;1.370168729237E9
1370168729597;1.370168729366E9
1370168729639;1.370168729355E9
1370168729653;1.370168729473E9
1370168730067;1.370168729975E9
1370168730368;1.37016873036E9
1370168730507;1.370168730504E9
1370168730577;1.370168730181E9
1370168730717;1.370168729958E9
1370168730736;1.37016873059E9
1370168730818;1.370168730677E9
1370168730877;1.370168730867E9
1370168731021;1.37016873102E9
1370168731456;1.370168731348E9
1370168731947;1.370168731944E9
1370168732093;1.370168731749E9
1370168732228;1.370168732151E9
1370168732424;1.370168732391E9
1370168732596;1.370168732269E9
1370168733130;1.370168732933E9
1370168733791;1.370168733135E9
1370168733971;1.370168733754E9
1370168734188;1.370168733782E9
1370168734198;1.37016873358E9
1370168734601;1.370168734467E9
1370168734616;1.370168734376E9
1370168734784;1.37016873314E9
1370168735001;1.37016873464E9
1370168735433;1.37016873543E9
1370168735466;1.370168735228E9
1370168735658;1.370168735619E9
1370168735800;1.370168735791E9
1370168736230;1.370168735996E9
1370168736336;1.370168735949E9
1370168736510;1.370168736168E9
1370168736524;1.370168736291E9
1370168737103;1.370168736909E9
1370168737129;1.370168736841E9
1370168737283;1.370168736556E9
1370168737447;1.370168737168E9
1370168737609;1.370168737489E9
1370168737622;1.370168737309E9
1370168738397;1.370168738177E9
1370168738624;1.370168738239E9
1370168738631;1.370168738402E9
1370168738970;1.370168738909E9
1370168739074;1.370168739074E9
1370168739086;1.370168739068E9
1370168739822;1.370168739683E9
1370168739864;1.370168739362E9
1370168739868;1.370168739366E9
1370168740218;1.370168740183E9
1370168740515;1.370168740354E9
1370168741259;1.370168741205E9
1370168741433;1.370168741339E9
1370168741657;1.37016874164E9
1370168741720;1.370168741693E9
1370168741993;1.370168741873E9
1370168742273;1.370168741879E9
1370168742297;1.370168742296E9
1370168742651;1.370168742596E9
1370168743221;1.370168743111E9
1370168743511;1.370168742555E9
1370168743527;1.370168743503E9
1370168743756;1.370168743652E9
1370168743920;1.370168742995E9
1370168744278;1.370168744243E9
1370168744366;1.370168744047E9
1370168744375;1.370168744106E9
1370168744852;1.370168744475E9
1370168744980;1.370168744979E9
1370168745065;1.370168745027E9
1370168745211;1.370168743976E9
1370168745706;1.370168745636E9
1370168745811;1.370168745787E9
1370168745823;1.370168745818E9
1370168745835;1.37016874583E9
1370168745909;1.370168745894E9
1370168746212;1.370168746105E9
1370168746709;1.370168746684E9
1370168746846;1.370168746838E9
1370168746848;1.370168746673E9
1370168747219;1.370168747108E9
1370168747322;1.370168747281E9
1370168747358;1.370168747313E9
1370168747634;1.370168747518E9
1370168747816;1.370168747642E9
1370168747911;1.370168747848E9
1370168747974;1.370168747878E9
1370168748167;1.37016874807E9
1370168748280;1.370168747964E9
1370168748289;1.370168748287E9
1370168748358;1.370168748316E9
1370168748362;1.370168747928E9
1370168748546;1.370168748545E9
1370168749215;1.370168749035E9
1370168749266;1.370168748888E9
1370168749289;1.370168749042E9
1370168749550;1.370168749465E9
1370168749801;1.370168749416E9
1370168749804;1.370168749327E9
1370168749886;1.37016874986E9
1370168749924;1.370168749318E9
1370168750129;1.370168749969E9
1370168750448;1.370168750441E9
1370168750815;1.370168750598E9
1370168750837;1.370168750486E9
1370168751204;1.370168751058E9
1370168751600;1.370168751081E9
1370168751624;1.370168751604E9
1370168752426;1.370168752246E9
1370168752552;1.370168752525E9
1370168752689;1.37016875244E9
1370168752876;1.370168752818E9
1370168753107;1.370168752183E9
1370168753486;1.370168753127E9
1370168753709;1.370168753589E9
1370168753776;1.370168753289E9
1370168753975;1.370168753967E9
1370168753977;1.370168753832E9
1370168754369;1.370168754041E9
1370168754606;1.370168754073E9
1370168754778;1.370168754742E9
1370168754963;1.370168754853E9
1370168754971;1.370168754917E9
1370168755125;1.37016875512E9
1370168755136;1.370168755041E9
1370168755764;1.370168755432E9
1370168755946;1.370168755708E9
1370168756085;1.370168755635E9
1370168756545;1.370168756218E9
1370168756961;1.370168756852E9
1370168757303;1.37016875724E9
1370168757463;1.370168757446E9
1370168757761;1.370168757724E9
1370168758056;1.370168757909E9
1370168758061;1.370168757977E9
1370168758094;1.370168757883E9
1370168759165;1.370168759164E9
1370168759298;1.370168759091E9
1370168759575;1.370168759515E9
1370168759633;1.370168759615E9
1370168759798;1.370168759419E9
1370168759936;1.370168759892E9
1370168760129;1.370168760039E9
1370168760277;1.370168760217E9
1370168760598;1.37016876058E9
1370168761662;1.370168761655E9
1370168761839;1.370168761766E9
1370168761995;1.370168761898E9
1370168762078;1.370168762049E9
1370168762859;1.370168762766E9
1370168762930;1.37016876267E9
1370168763290;1.370168762961E9
1370168763351;1.370168763278E9
1370168763351;1.370168763027E9
1370168763554;1.370168763475E9
1370168763722;1.370168763717E9
1370168763834;1.370168763771E9
1370168763990;1.370168763897E9
1370168764165;1.370168764164E9
1370168764346;1.370168764201E9
1370168764505;1.370168764449E9
1370168764813;1.370168764789E9
1370168764844;1.370168764819E9
1370168765105;1.370168764988E9
1370168765216;1.370168764817E9
1370168765516;1.370168765248E9
1370168765535;1.370168765475E9
1370168765688;1.370168765568E9
1370168766101;1.370168765559E9
1370168766139;1.370168765639E9
1370168766244;1.370168764944E9
1370168766673;1.370168766595E9
1370168766741;1.370168766722E9
1370168766781;1.370168766746E9
1370168766882;1.37016876685E9
1370168767140;1.370168767075E9
1370168767180;1.370168767131E9
1370168767306;1.370168767162E9
1370168767309;1.37016876724E9
1370168767381;1.370168767151E9
1370168767406;1.370168767157E9
1370168767520;1.37016876743E9
1370168767846;1.370168767843E9
1370168767936;1.370168767756E9
1370168768017;1.370168767639E9
1370168768069;1.370168767617E9
1370168768549;1.370168768348E9
1370168768668;1.370168768668E9
1370168769114;1.370168768613E9
1370168769167;1.370168769166E9
1370168769304;1.370168769301E9
1370168769389;1.370168768774E9
1370168770030;1.370168769533E9
1370168770207;1.370168770206E9
1370168770556;1.370168769978E9
1370168770686;1.37016876994E9
1370168770767;1.37016876918E9
1370168770829;1.370168769092E9
1370168771088;1.370168769069E9
1370168771469;1.370168771163E9
1370168771471;1.370168770457E9
1370168771489;1.370168769261E9
1370168771636;1.370168771375E9
1370168771769;1.370168771316E9
1370168771985;1.370168771899E9
1370168771989;1.37016877197E9
1370168772070;1.370168772014E9
1370168772191;1.370168772103E9
1370168772491;1.370168772436E9
1370168772621;1.370168772573E9
1370168773095;1.370168773094E9
1370168773471;1.370168772853E9
1370168773542;1.370168772893E9
1370168773557;1.370168772947E9
1370168773719;1.370168773718E9
1370168773797;1.370168773654E9
1370168773887;1.370168773608E9
1370168773912;1.370168773642E9
1370168773945;1.370168773937E9
1370168774169;1.370168773667E9
1370168774490;1.3701687744E9
1370168774508;1.370168774446E9
1370168774534;1.370168774439E9
1370168774782;1.370168774649E9
1370168775875;1.370168775724E9
1370168776109;1.370168775992E9
1370168776341;1.370168776286E9
1370168776656;1.370168776598E9
1370168776950;1.370168776843E9
1370168777100;1.370168776819E9
1370168777380;1.370168777325E9
1370168777457;1.37016877745E9
1370168777716;1.370168777421E9
1370168777850;1.370168777785E9
1370168777926;1.370168777437E9
1370168778181;1.370168777964E9
1370168778364;1.370168778072E9
1370168778376;1.370168778215E9
1370168778455;1.370168778448E9
1370168779015;1.370168778947E9
1370168779353;1.370168779352E9
1370168779419;1.370168779419E9
1370168779729;1.370168779534E9
1370168779898;1.370168779575E9
1370168780652;1.370168780405E9
1370168780688;1.370168780523E9
1370168780772;1.370168780673E9
1370168780850;1.370168780829E9
1370168780872;1.370168780871E9
1370168780905;1.370168780901E9
1370168781695;1.370168781628E9
1370168782002;1.370168781981E9
1370168782013;1.370168781817E9
1370168782461;1.370168782385E9
1370168782958;1.370168782867E9
1370168782994;1.370168782843E9
1370168783406;1.370168783342E9
1370168783633;1.370168783467E9
1370168783699;1.370168783491E9
1370168784394;1.370168784136E9
1370168784540;1.370168784316E9
1370168784744;1.370168784693E9
1370168784844;1.370168784826E9
1370168785121;1.370168785121E9
1370168785152;1.370168784847E9
1370168785218;1.37016878517E9
1370168785502;1.370168785483E9
1370168785685;1.370168785678E9
1370168785842;1.370168785816E9
1370168785871;1.370168785778E9
1370168786177;1.370168786009E9
1370168786464;1.370168785924E9
1370168786575;1.370168786574E9
1370168786585;1.370168786576E9
1370168786878;1.370168786873E9
1370168786882;1.370168786829E9
1370168787005;1.37016878698E9
1370168787349;1.370168787207E9
1370168787556;1.370168787375E9
1370168787570;1.370168787455E9
1370168787768;1.370168787665E9
1370168787792;1.370168787695E9
1370168788223;1.370168788075E9
1370168788560;1.370168788526E9
1370168788722;1.370168788567E9
1370168788833;1.370168788767E9
1370168788959;1.370168788954E9
1370168789007;1.370168788932E9
1370168789443;1.370168789384E9
1370168790501;1.370168790397E9
1370168791178;1.37016879114E9
1370168791268;1.370168791238E9
1370168791868;1.370168791507E9
1370168791905;1.37016879188E9
1370168791925;1.370168791673E9
1370168792088;1.370168792087E9
1370168792635;1.370168792536E9
1370168792892;1.370168792869E9
1370168792895;1.370168792841E9
1370168793083;1.370168793078E9
1370168793524;1.370168793029E9
1370168793563;1.370168793142E9
1370168793661;1.370168793591E9
1370168793817;1.370168793794E9
1370168793997;1.370168793949E9
1370168794365;1.370168794251E9
1370168795199;1.370168794866E9
1370168795357;1.370168795068E9
1370168795609;1.37016879531E9
1370168795649;1.370168794836E9
1370168795768;1.370168795665E9
1370168795805;1.370168795701E9
1370168795953;1.370168795845E9
1370168796226;1.370168796142E9
1370168796759;1.370168796695E9
1370168797237;1.370168796955E9
1370168797259;1.370168797103E9
1370168797597;1.370168797572E9
1370168798195;1.370168798187E9
1370168798457;1.370168798369E9
1370168798531;1.370168798473E9
1370168798546;1.370168798387E9
1370168798590;1.370168798478E9
1370168798745;1.370168798462E9
1370168798899;1.370168798849E9
1370168799145;1.370168799136E9
1370168799221;1.370168799079E9
1370168799354;1.370168799267E9
1370168799431;1.370168799363E9
1370168799553;1.370168798648E9
1370168799795;1.370168799375E9
1370168799833;1.370168799173E9
1370168800258;1.370168799992E9
1370168800287;1.370168800278E9
1370168800657;1.370168800305E9
1370168800681;1.370168800345E9
1370168800972;1.370168800603E9
1370168801132;1.370168800606E9
1370168801170;1.370168801152E9
1370168801195;1.370168800747E9
1370168801358;1.370168801307E9
1370168801372;1.370168801266E9
1370168801492;1.370168801431E9
1370168801504;1.370168801426E9
1370168802029;1.370168801946E9
1370168802150;1.370168802082E9
1370168802411;1.370168802329E9
1370168802496;1.37016880209E9
1370168802546;1.370168802318E9
1370168802732;1.370168802573E9
1370168802758;1.370168802746E9
1370168802875;1.370168802103E9
1370168803557;1.370168803062E9
1370168803568;1.370168803251E9
1370168803999;1.370168803975E9
1370168804554;1.370168804485E9
1370168804606;1.370168804569E9
1370168804745;1.370168804679E9
1370168805021;1.370168804824E9
1370168805508;1.370168805297E9
1370168806178;1.370168805875E9
1370168806357;1.370168805826E9
1370168806358;1.370168806194E9
1370168806359;1.37016880594E9
1370168806369;1.370168806233E9
1370168806490;1.370168806485E9
1370168807221;1.370168806698E9
1370168807227;1.370168806633E9
1370168807229;1.370168806751E9
1370168807670;1.370168807482E9
1370168807760;1.370168807734E9
1370168807913;1.370168807769E9
1370168808030;1.370168807839E9
1370168808318;1.370168808288E9
1370168808983;1.370168808575E9
1370168809076;1.370168808705E9
1370168809628;1.370168809263E9
1370168809681;1.370168809566E9
1370168809774;1.370168809761E9
1370168809961;1.370168809931E9
1370168810537;1.370168810491E9
1370168810556;1.370168809788E9
1370168810814;1.370168810206E9
1370168810901;1.370168810625E9
1370168811200;1.370168810967E9
1370168811258;1.370168811255E9
1370168811601;1.370168811317E9
1370168811944;1.370168810972E9
1370168811969;1.370168811396E9
1370168811998;1.370168811988E9
1370168812036;1.370168811295E9
1370168812277;1.370168812221E9
1370168812299;1.370168812132E9
1370168812707;1.370168812213E9
1370168812806;1.37016881275E9
1370168812915;1.370168812397E9
1370168813032;1.370168812381E9
1370168813096;1.370168813074E9
1370168813298;1.37016881326E9
1370168813772;1.370168813596E9
1370168814052;1.370168813802E9
1370168814254;1.370168813372E9
1370168814448;1.370168814171E9
1370168814486;1.370168814478E9
1370168814807;1.37016881438E9
1370168814890;1.370168814877E9
1370168814924;1.370168814919E9
1370168815103;1.370168815058E9
1370168815163;1.370168814758E9
1370168815544;1.37016881554E9
1370168815871;1.370168815778E9
1370168815890;1.370168815809E9
1370168815961;1.370168815859E9
1370168816072;1.370168816056E9
1370168816410;1.370168816343E9
1370168816622;1.370168816516E9
1370168816865;1.370168816557E9
1370168817051;1.370168817016E9
1370168817282;1.370168817157E9
1370168817426;1.3701688174E9
1370168817550;1.370168817431E9
1370168817997;1.370168817813E9
1370168818053;1.370168818021E9
1370168818355;1.37016881819E9
1370168818417;1.370168818259E9
1370168819028;1.370168818876E9
1370168819114;1.370168819105E9
1370168819414;1.370168819405E9
1370168819855;1.370168819662E9
1370168820123;1.37016881969E9
1370168820313;1.370168819646E9
1370168820470;1.370168820415E9
1370168820564;1.370168820561E9
1370168820602;1.370168820507E9
1370168820837;1.370168820811E9
1370168820927;1.370168820753E9
1370168821023;1.370168821022E9
1370168821044;1.37016882059E9
1370168821167;1.370168821138E9
1370168821170;1.370168820906E9
1370168821246;1.370168821207E9
1370168821327;1.370168821211E9
1370168821389;1.370168821283E9
1370168822176;1.370168821487E9
1370168822408;1.370168822051E9
1370168822579;1.370168821773E9
1370168822589;1.370168822389E9
1370168822838;1.370168822419E9
1370168822948;1.370168822937E9
1370168822986;1.370168822985E9
1370168823124;1.370168823117E9
1370168823284;1.3701688232E9
1370168823335;1.370168823101E9
1370168823337;1.370168821474E9
1370168823915;1.370168823744E9
1370168823933;1.370168823557E9
1370168824209;1.370168824208E9
1370168824227;1.370168824218E9
1370168824229;1.370168824142E9
1370168824689;1.370168824628E9
1370168824824;1.370168824363E9
1370168824859;1.370168824665E9
1370168825022;1.370168824974E9
1370168825061;1.37016882499E9
1370168825291;1.370168825106E9
1370168825619;1.370168825502E9
1370168825671;1.370168825656E9
1370168825824;1.37016882576E9
1370168825862;1.37016882584E9
1370168826194;1.370168826194E9
1370168826249;1.370168826083E9
1370168826476;1.370168826466E9
1370168826687;1.370168826374E9
1370168826762;1.370168826699E9
1370168827015;1.370168826987E9
1370168827187;1.370168827073E9
1370168827936;1.370168827813E9
1370168828137;1.370168828132E9
1370168828324;1.370168828185E9
1370168828369;1.370168827962E9
1370168828571;1.37016882857E9
1370168828704;1.370168828702E9
1370168828790;1.37016882818E9
1370168828917;1.370168828916E9
1370168829080;1.37016882876E9
1370168829164;1.370168829064E9
1370168829242;1.370168828642E9
1370168829303;1.370168829268E9
1370168829917;1.370168829753E9
1370168830276;1.370168830172E9
1370168830323;1.37016883022E9
1370168830351;1.370168830129E9
1370168830562;1.3701688304E9
1370168831358;1.370168831267E9
1370168831580;1.370168831264E9
1370168831614;1.370168831432E9
1370168831623;1.370168831358E9
1370168831670;1.370168831655E9
1370168832019;1.370168831711E9
1370168832339;1.370168832241E9
1370168832516;1.370168832478E9
1370168832615;1.370168832595E9
1370168833121;1.370168832908E9
1370168833122;1.370168832875E9
1370168833137;1.370168833136E9
1370168833380;1.370168833347E9
1370168833955;1.370168833678E9
1370168834162;1.370168834087E9
1370168834181;1.37016883408E9
1370168834187;1.370168833725E9
1370168834206;1.370168834201E9
1370168834213;1.37016883398E9
1370168834635;1.37016883463E9
1370168834652;1.370168834607E9
1370168834857;1.370168834844E9
1370168835134;1.370168835093E9
1370168835316;1.370168835143E9
1370168835347;1.370168835186E9
1370168835483;1.370168835235E9
1370168835656;1.370168835646E9
1370168835973;1.370168835972E9
1370168836070;1.370168836017E9
1370168836076;1.370168836014E9
1370168836152;1.370168835968E9
1370168836384;1.370168836364E9
1370168836878;1.37016883645E9
1370168836925;1.370168836902E9
1370168837060;1.370168837059E9
1370168837084;1.370168837032E9
1370168837115;1.370168836952E9
1370168837619;1.370168837603E9
1370168837675;1.370168837656E9
1370168837876;1.370168837872E9
1370168838467;1.370168838244E9
1370168838861;1.370168838689E9
1370168838871;1.370168838385E9
1370168838929;1.370168838591E9
1370168839053;1.370168838444E9
1370168839146;1.370168839032E9
1370168839312;1.370168839092E9
1370168839539;1.370168839298E9
1370168839550;1.37016883944E9
1370168839645;1.370168839586E9
1370168839993;1.370168839881E9
1370168840071;1.37016883995E9
1370168840175;1.370168839895E9
1370168840363;1.370168840323E9
1370168840678;1.370168840671E9
1370168840699;1.37016884063E9
1370168840876;1.370168840728E9
1370168841026;1.370168840893E9
1370168841253;1.370168840665E9
1370168841319;1.370168840932E9
1370168841352;1.370168841171E9
1370168841705;1.370168841566E9
1370168841795;1.370168841775E9
1370168842014;1.370168841979E9
1370168842312;1.370168842158E9
1370168842515;1.370168842417E9
1370168842816;1.370168842579E9
1370168842995;1.370168842606E9
1370168843089;1.370168842801E9
1370168843236;1.370168842916E9
1370168843315;1.37016884306E9
1370168843384;1.370168843137E9
1370168843463;1.370168843349E9
1370168843550;1.37016884353E9
1370168843711;1.37016884366E9
1370168844234;1.370168843854E9
1370168844243;1.370168843952E9
1370168844312;1.370168843815E9
1370168844794;1.370168844418E9
1370168845034;1.370168844483E9
1370168845109;1.370168844762E9
1370168845380;1.370168845003E9
1370168845433;1.370168845237E9
1370168845503;1.370168845294E9
1370168845825;1.370168845734E9
1370168845876;1.370168845657E9
1370168845884;1.370168845837E9
1370168845987;1.370168845924E9
1370168846526;1.370168846215E9
1370168846714;1.370168846707E9
1370168846722;1.370168846613E9
1370168846798;1.370168846219E9
1370168847436;1.370168847386E9
1370168847631;1.370168847551E9
1370168847846;1.37016884759E9
1370168848379;1.370168848115E9
1370168848394;1.370168848038E9
1370168848643;1.370168848641E9
1370168848660;1.370168848563E9
1370168848839;1.37016884875E9
1370168848973;1.370168848931E9
1370168849930;1.370168849929E9
1370168850207;1.370168850204E9
1370168850238;1.370168850091E9
1370168850380;1.370168850185E9
1370168850657;1.370168850251E9
1370168850745;1.370168850736E9
1370168851441;1.370168851439E9
1370168851751;1.370168851724E9
1370168851951;1.370168850995E9
1370168852123;1.37016885178E9
1370168852146;1.370168851776E9
1370168852405;1.370168851931E9
1370168852459;1.370168851471E9
1370168852671;1.370168852025E9
1370168852815;1.370168852772E9
1370168852833;1.370168852619E9
1370168852848;1.370168852482E9
1370168852939;1.370168852761E9
1370168853076;1.370168853035E9
1370168853166;1.370168853123E9
1370168853178;1.370168853177E9
1370168853263;1.370168853144E9
1370168853754;1.370168853753E9
1370168853812;1.370168853685E9
1370168853877;1.370168853867E9
1370168853886;1.370168853725E9
1370168853975;1.370168853824E9
1370168854062;1.370168854024E9
1370168854520;1.370168854461E9
1370168854592;1.370168854381E9
1370168855060;1.37016885492E9
1370168855148;1.370168854366E9
1370168855190;1.370168855028E9
1370168855382;1.370168854725E9
1370168855504;1.37016885469E9
1370168855524;1.370168855302E9
1370168855927;1.370168855691E9
1370168856297;1.370168856E9
1370168856396;1.370168855792E9
1370168856580;1.370168856399E9
1370168856650;1.370168855713E9
1370168857232;1.370168857011E9
1370168857552;1.370168857355E9
1370168857676;1.37016885756E9
1370168857743;1.370168857619E9
1370168857839;1.370168857811E9
1370168858055;1.370168857841E9
1370168858136;1.370168858066E9
1370168858344;1.370168858189E9
1370168858393;1.370168858104E9
1370168858626;1.370168858461E9
1370168858644;1.37016885851E9
1370168860018;1.370168859898E9
1370168860174;1.370168859398E9
1370168860318;1.370168859694E9
1370168860380;1.3701688603E9
1370168860411;1.370168860325E9
1370168860999;1.370168860921E9
1370168861131;1.370168861075E9
1370168861142;1.370168861106E9
1370168861146;1.370168861091E9
1370168861823;1.37016886182E9
1370168862585;1.370168862143E9
1370168862716;1.370168862292E9
1370168862875;1.370168862609E9
1370168863079;1.370168863041E9
1370168863093;1.370168862906E9
1370168863094;1.370168862463E9
1370168863118;1.370168862652E9
1370168863199;1.370168862229E9
1370168863329;1.370168863207E9
1370168863580;1.370168863422E9
1370168863831;1.370168863764E9
1370168863972;1.370168863482E9
1370168864069;1.37016886387E9
1370168864095;1.370168863943E9
1370168864188;1.370168863724E9
1370168864316;1.37016886384E9
1370168864338;1.370168864333E9
1370168864827;1.37016886452E9
1370168865758;1.37016886574E9
1370168865911;1.370168865881E9
1370168865991;1.370168865942E9
1370168866006;1.370168865789E9
1370168866482;1.370168866241E9
1370168867659;1.37016886722E9
1370168867882;1.370168867418E9
1370168868794;1.370168868559E9
1370168868806;1.370168868804E9
1370168868860;1.370168868661E9
1370168868969;1.370168868551E9
1370168869050;1.370168869023E9
1370168869105;1.37016886908E9
1370168869125;1.370168869074E9
1370168869615;1.370168869397E9
1370168869704;1.370168869542E9
1370168869720;1.370168869329E9
1370168869863;1.370168869588E9
1370168870101;1.370168870039E9
1370168870142;1.370168870033E9
1370168870212;1.370168870192E9
1370168870632;1.370168870592E9
1370168870905;1.370168870894E9
1370168871136;1.370168871071E9
1370168871259;1.370168871254E9
1370168871312;1.370168871181E9
1370168871312;1.370168871184E9
1370168871522;1.370168871402E9
1370168872242;1.370168871832E9
1370168872482;1.370168872089E9
1370168872746;1.370168872099E9
1370168873041;1.370168872802E9
1370168873215;1.370168873212E9
1370168873279;1.370168872828E9
1370168873612;1.370168873089E9
1370168873620;1.370168873579E9
1370168874137;1.370168874122E9
1370168874317;1.370168874309E9
1370168874465;1.370168872809E9
1370168874700;1.37016887285E9
1370168874873;1.370168873288E9
1370168875035;1.370168874657E9
1370168875042;1.370168874681E9
1370168875234;1.370168874623E9
1370168875283;1.370168875252E9
1370168875448;1.370168875423E9
1370168875849;1.370168875824E9
1370168876075;1.37016887597E9
1370168876216;1.370168875922E9
1370168876279;1.370168876132E9
1370168876505;1.370168876401E9
1370168876708;1.370168876262E9
1370168876739;1.370168876519E9
1370168877043;1.370168876899E9
1370168877296;1.370168877258E9
1370168877509;1.370168877457E9
1370168877962;1.370168877957E9
1370168878037;1.370168877967E9
1370168878125;1.370168877919E9
1370168878394;1.370168878384E9
1370168878644;1.370168878572E9
1370168878809;1.370168878793E9
1370168878992;1.370168878833E9
1370168879271;1.370168879248E9
1370168879483;1.370168879395E9
1370168879538;1.370168879527E9
1370168880047;1.370168879879E9
1370168880216;1.370168879926E9
1370168880382;1.370168880254E9
1370168880713;1.370168880396E9
1370168880942;1.37016888094E9
1370168881028;1.37016888101E9
1370168881249;1.37016888117E9
1370168881352;1.37016888134E9
1370168881386;1.370168881386E9
1370168881474;1.370168881454E9
1370168881926;1.3701688818E9
1370168882198;1.370168882017E9
1370168882731;1.370168882373E9
1370168882941;1.370168882786E9
1370168883032;1.370168882836E9
1370168883365;1.370168883253E9
1370168883453;1.370168883392E9
1370168883476;1.370168882995E9
1370168884162;1.370168883973E9
1370168884309;1.370168883881E9
1370168884831;1.370168883876E9
1370168884925;1.370168884137E9
1370168885033;1.370168885026E9
1370168885037;1.370168884853E9
1370168885200;1.370168885044E9
1370168885273;1.370168884531E9
1370168885276;1.37016888507E9
1370168885959;1.370168885868E9
1370168886161;1.370168886141E9
1370168886231;1.370168886189E9
1370168886432;1.370168886351E9
1370168886562;1.370168886551E9
1370168886684;1.370168886677E9
1370168886987;1.370168886893E9
1370168887508;1.37016888749E9
1370168887609;1.370168887563E9
1370168888538;1.370168888434E9
1370168888565;1.370168888486E9
1370168888738;1.370168888508E9
1370168888920;1.370168888438E9
1370168888927;1.370168888692E9
1370168889530;1.370168889398E9
1370168890321;1.370168890255E9
1370168890341;1.37016889006E9
1370168890535;1.370168890437E9
1370168891079;1.370168890682E9
1370168891198;1.370168890812E9
1370168891199;1.370168890807E9
1370168891620;1.370168891598E9
1370168892263;1.370168892028E9
1370168892438;1.370168892119E9
1370168892486;1.370168892359E9
1370168892572;1.370168891882E9
1370168892802;1.370168892776E9
1370168893176;1.370168893012E9
1370168893231;1.370168893231E9
1370168893337;1.370168893297E9
1370168893614;1.370168893609E9
1370168894458;1.370168894351E9
1370168894599;1.370168894248E9
1370168894702;1.370168893978E9
1370168894791;1.370168894053E9
1370168894795;1.370168894059E9
1370168894915;1.370168894848E9
1370168895158;1.370168895151E9
1370168895655;1.370168895573E9
1370168895965;1.370168895772E9
1370168895968;1.370168895826E9
1370168896454;1.370168896419E9
1370168896578;1.370168896577E9
1370168896707;1.37016889659E9
1370168896737;1.370168896633E9
1370168896882;1.370168896866E9
1370168897102;1.370168897037E9
1370168897280;1.370168897264E9
1370168897371;1.370168897273E9
1370168897883;1.370168897792E9
1370168897898;1.370168897778E9
1370168897900;1.370168897558E9
1370168898190;1.370168898157E9
1370168898587;1.370168898524E9
1370168898803;1.370168898598E9
1370168898846;1.370168898831E9
1370168899162;1.370168899026E9
1370168899354;1.370168899242E9
1370168899538;1.37016889936E9
1370168899661;1.370168899386E9
1370168899783;1.370168899778E9
1370168899804;1.370168899244E9
1370168899965;1.370168899862E9
1370168900026;1.370168900007E9
1370168900396;1.370168900188E9
1370168900439;1.370168899871E9
1370168900554;1.37016890001E9
1370168900956;1.370168900864E9
1370168900982;1.37016890086E9
1370168901254;1.370168901129E9
1370168901411;1.370168901147E9
1370168901564;1.370168901541E9
1370168901764;1.370168901719E9
1370168901799;1.370168901789E9
1370168902197;1.370168902129E9
1370168902312;1.370168902312E9
1370168902892;1.370168902592E9
1370168903057;1.370168902857E9
1370168903216;1.370168902876E9
1370168903348;1.370168903348E9
1370168903356;1.370168903322E9
1370168903896;1.370168903803E9
1370168904147;1.370168903949E9
1370168904894;1.370168904713E9
1370168905015;1.370168904648E9
1370168905863;1.370168905782E9
1370168905970;1.370168905962E9
1370168906099;1.370168905992E9
1370168906455;1.370168906446E9
1370168907539;1.370168907354E9
1370168907964;1.370168907773E9
1370168908587;1.370168908551E9
1370168908817;1.370168908523E9
1370168909111;1.37016890908E9
1370168909300;1.370168909297E9
1370168909361;1.370168909266E9
1370168909501;1.370168909196E9
1370168909559;1.370168909164E9
1370168909803;1.370168909723E9
1370168909834;1.370168909687E9
1370168909968;1.370168909476E9
1370168910133;1.370168909859E9
1370168910256;1.370168910079E9
1370168910401;1.370168909794E9
1370168910574;1.370168910552E9
1370168910836;1.370168910798E9
1370168911071;1.370168911071E9
1370168911090;1.370168911048E9
1370168911163;1.370168911092E9
1370168911703;1.370168911583E9
1370168911891;1.370168911886E9
1370168911893;1.3701689116E9
1370168911906;1.370168911714E9
1370168912213;1.370168912209E9
1370168912365;1.370168912297E9
1370168912524;1.370168912499E9
1370168912809;1.370168912727E9
1370168912974;1.370168912967E9
1370168913461;1.370168912977E9
1370168913480;1.370168913228E9
1370168913538;1.370168913369E9
1370168913908;1.370168913869E9
1370168914010;1.370168913977E9
1370168914047;1.370168914032E9
1370168914212;1.370168914129E9
1370168914298;1.370168914141E9
1370168914704;1.370168914559E9
1370168914878;1.370168914743E9
1370168915046;1.370168915036E9
1370168915052;1.370168914726E9
1370168915092;1.370168915056E9
1370168915393;1.370168915257E9
1370168915727;1.370168915695E9
1370168916220;1.370168916139E9
1370168917053;1.370168916934E9
1370168917317;1.370168916888E9
1370168917367;1.370168917097E9
1370168917380;1.370168917153E9
1370168917814;1.370168917681E9
1370168918023;1.370168917868E9
1370168918050;1.370168917569E9
1370168918116;1.370168917904E9
1370168918157;1.370168918146E9
1370168918399;1.370168918355E9
1370168918823;1.370168918804E9
1370168919283;1.370168919262E9
1370168919342;1.370168919219E9
1370168919738;1.370168919731E9
1370168919862;1.370168919749E9
1370168920050;1.37016892003E9
1370168920212;1.370168920197E9
1370168920588;1.370168920479E9
1370168920635;1.370168920628E9
1370168920687;1.370168920404E9
1370168920729;1.37016892047E9
1370168921137;1.37016892097E9
1370168921253;1.370168921238E9
1370168921447;1.370168921413E9
1370168921807;1.37016892177E9
1370168921930;1.370168921815E9
1370168922590;1.37016892256E9
1370168923511;1.370168923472E9
1370168923587;1.370168923461E9
1370168924254;1.370168924065E9
1370168924497;1.370168924399E9
1370168924698;1.370168924041E9
1370168924763;1.370168924008E9
1370168924784;1.370168924578E9
1370168924936;1.370168924574E9
1370168925037;1.37016892494E9
1370168925120;1.370168925101E9
1370168925424;1.370168925416E9
1370168925902;1.370168925161E9
1370168925963;1.370168925941E9
1370168926024;1.370168925982E9
1370168926279;1.370168926196E9
1370168926377;1.370168926208E9
1370168926659;1.370168926575E9
1370168926686;1.370168926481E9
1370168926830;1.37016892679E9
1370168926873;1.370168926751E9
1370168926920;1.370168926853E9
1370168926929;1.370168926893E9
1370168927525;1.370168927381E9
1370168927654;1.370168926948E9
1370168927847;1.370168927839E9
1370168928130;1.370168928064E9
1370168928172;1.370168928011E9
1370168928346;1.370168928318E9
1370168928471;1.370168928467E9
1370168928581;1.370168928285E9
1370168928701;1.370168928631E9
1370168928786;1.370168928764E9
1370168929066;1.370168928856E9
1370168929867;1.370168929643E9
1370168930067;1.370168929964E9
1370168930072;1.370168930067E9
1370168930085;1.370168929987E9
1370168930107;1.370168930091E9
1370168930632;1.370168930601E9
1370168930838;1.370168930665E9
1370168930955;1.370168930954E9
1370168930992;1.37016893098E9
1370168931119;1.370168931107E9
1370168931291;1.370168931221E9
1370168931317;1.370168931264E9
1370168931772;1.370168931742E9
1370168931839;1.370168931808E9
1370168931951;1.370168931949E9
1370168932087;1.370168932054E9
1370168932591;1.370168932194E9
1370168932616;1.370168932395E9
1370168932619;1.370168932603E9
1370168932712;1.370168932681E9
1370168932720;1.370168932715E9
1370168932890;1.370168932861E9
1370168932950;1.370168932807E9
1370168932988;1.370168932792E9
1370168933199;1.37016893311E9
1370168933438;1.37016893302E9
1370168933791;1.370168932809E9
1370168934124;1.370168933155E9
1370168934211;1.370168934156E9
1370168934676;1.370168934651E9
1370168934764;1.370168934705E9
1370168934769;1.370168934767E9
1370168934991;1.370168934958E9
1370168936349;1.370168936206E9
1370168936503;1.370168936378E9
1370168936644;1.370168936613E9
1370168936868;1.370168936853E9
1370168937075;1.370168936958E9
1370168937098;1.370168937097E9
1370168937242;1.370168937202E9
1370168937428;1.370168937374E9
1370168937524;1.370168937491E9
1370168937750;1.370168937647E9
1370168937880;1.370168937869E9
1370168938428;1.370168938252E9
1370168938452;1.370168938346E9
1370168938646;1.370168938587E9
1370168938709;1.370168938647E9
1370168938762;1.370168938719E9
1370168938842;1.370168938776E9
1370168939680;1.370168939641E9
1370168939978;1.370168939815E9
1370168940303;1.370168939795E9
1370168940350;1.370168940142E9
1370168940382;1.370168939763E9
1370168940625;1.370168940568E9
1370168940664;1.370168940638E9
1370168940738;1.370168940552E9
1370168940981;1.370168940915E9
1370168941020;1.370168940723E9
1370168941328;1.370168940885E9
1370168941940;1.37016894173E9
1370168942070;1.370168941512E9
1370168942139;1.37016894207E9
1370168942319;1.370168942251E9
1370168942347;1.370168942332E9
1370168942828;1.370168942391E9
1370168943329;1.370168943329E9
1370168943570;1.370168942417E9
1370168943843;1.370168943191E9
1370168944004;1.370168942987E9
1370168944498;1.370168944473E9
1370168944830;1.37016894466E9
1370168944864;1.370168944798E9
1370168945559;1.370168945453E9
1370168945833;1.370168945832E9
1370168946317;1.370168946203E9
1370168946344;1.370168946282E9
1370168946541;1.370168945915E9
1370168946603;1.370168946474E9
1370168946692;1.370168946556E9
1370168947081;1.370168946061E9
1370168947193;1.370168947118E9
1370168947236;1.37016894679E9
1370168947458;1.370168947256E9
1370168947685;1.370168947111E9
1370168947870;1.37016894559E9
1370168948057;1.370168947769E9
1370168948098;1.370168947498E9
1370168948178;1.370168947468E9
1370168948341;1.370168948293E9
1370168948354;1.370168948333E9
1370168948479;1.370168948393E9
1370168948693;1.370168948693E9
1370168948916;1.37016894869E9
1370168949028;1.370168948972E9
1370168949338;1.370168949092E9
1370168949863;1.37016894955E9
1370168949869;1.370168949526E9
1370168949967;1.370168949581E9
1370168950407;1.370168950284E9
1370168950586;1.370168950524E9
1370168951103;1.370168950486E9
1370168951207;1.370168951029E9
1370168951335;1.370168951305E9
1370168951472;1.370168951441E9
1370168952050;1.370168951747E9
1370168952187;1.370168952036E9
1370168952294;1.370168951744E9
1370168952355;1.370168952332E9
1370168952471;1.370168952297E9
1370168952788;1.370168952766E9
1370168952927;1.370168952915E9
1370168953031;1.370168952978E9
1370168953152;1.370168953123E9
1370168953167;1.370168952942E9
1370168953229;1.370168952901E9
1370168953574;1.370168953546E9
1370168953692;1.370168953669E9
1370168953793;1.370168953695E9
1370168953838;1.37016895381E9
1370168953917;1.370168953882E9
1370168954026;1.370168953874E9
1370168954155;1.37016895412E9
1370168954584;1.370168954583E9
1370168954725;1.370168954681E9
1370168954878;1.370168954854E9
1370168955044;1.370168954956E9
1370168955052;1.370168954982E9
1370168955163;1.370168954924E9
1370168955303;1.37016895519E9
1370168955471;1.370168955384E9
1370168956021;1.370168955701E9
1370168956066;1.370168955716E9
1370168956126;1.370168956055E9
1370168956167;1.370168956007E9
1370168956717;1.370168956508E9
1370168957121;1.370168956906E9
1370168957205;1.370168957204E9
1370168957290;1.370168957268E9
1370168957731;1.370168957556E9
1370168957868;1.370168957774E9
1370168957970;1.370168957604E9
1370168958070;1.370168958011E9
1370168958099;1.37016895808E9
1370168958675;1.37016895844E9
1370168958774;1.370168958749E9
1370168959425;1.370168959037E9
1370168959848;1.370168959114E9
1370168960084;1.370168959672E9
1370168960157;1.370168959368E9
1370168960252;1.370168959104E9
1370168960349;1.370168960273E9
1370168960442;1.370168959449E9
1370168960542;1.370168960494E9
1370168960699;1.370168960476E9
1370168960759;1.370168960709E9
1370168960815;1.370168960803E9
1370168961235;1.370168961171E9
1370168961535;1.370168961513E9
1370168961845;1.37016896178E9
1370168962590;1.370168962587E9
1370168963027;1.370168963019E9
1370168963153;1.370168963028E9
1370168963811;1.370168962854E9
1370168964093;1.370168963184E9
1370168964095;1.370168962309E9
1370168964243;1.370168963426E9
1370168964618;1.370168964422E9
1370168964765;1.370168964764E9
1370168964857;1.370168962819E9
1370168964922;1.370168964664E9
1370168964986;1.3701689626E9
1370168965794;1.370168965766E9
1370168966042;1.370168965959E9
1370168966180;1.370168966084E9
1370168966252;1.370168966113E9
1370168966640;1.370168966529E9
1370168966904;1.370168966843E9
1370168967170;1.370168967142E9
1370168967311;1.370168967012E9
1370168967470;1.370168967084E9
1370168967605;1.37016896758E9
1370168967810;1.370168967633E9
1370168968107;1.370168967961E9
1370168968192;1.370168968132E9
1370168968432;1.370168967748E9
1370168968768;1.370168968615E9
1370168968782;1.370168968607E9
1370168968966;1.370168968941E9
1370168969095;1.370168968909E9
1370168969445;1.370168969328E9
1370168969744;1.370168969737E9
1370168969862;1.370168969801E9
1370168969913;1.370168969898E9
1370168970053;1.370168969994E9
1370168970149;1.37016897011E9
1370168970351;1.370168970289E9
1370168970369;1.370168970324E9
1370168971097;1.370168971092E9
1370168971168;1.370168971131E9
1370168971246;1.370168971228E9
1370168971663;1.370168971656E9
1370168971849;1.370168971301E9
1370168972023;1.370168971981E9
1370168972407;1.370168972363E9
1370168972530;1.370168972445E9
1370168972574;1.370168972516E9
1370168972646;1.370168972582E9
1370168972712;1.370168972711E9
1370168972938;1.370168972776E9
1370168972985;1.37016897295E9
1370168973053;1.370168973052E9
1370168973144;1.370168972821E9
1370168973384;1.370168973319E9
1370168973458;1.370168972938E9
1370168973641;1.370168973317E9
1370168973679;1.370168973314E9
1370168973747;1.370168973682E9
1370168974229;1.370168974217E9
1370168974608;1.370168974287E9
1370168974839;1.370168974496E9
1370168974904;1.370168974845E9
1370168975099;1.370168975028E9
1370168975352;1.370168975215E9
1370168975505;1.370168975222E9
1370168975602;1.370168974872E9
1370168975671;1.370168975485E9
1370168975908;1.370168975818E9
1370168976129;1.370168976085E9
1370168976247;1.370168976246E9
1370168976381;1.370168976232E9
1370168976868;1.370168976669E9
1370168977081;1.370168976976E9
1370168977110;1.370168976681E9
1370168977424;1.370168977285E9
1370168977846;1.370168977709E9
1370168978278;1.370168978248E9
1370168978516;1.370168978289E9
1370168978813;1.37016897881E9
1370168979311;1.370168978559E9
1370168979488;1.370168979244E9
1370168979568;1.370168979542E9
1370168979979;1.370168979344E9
1370168980226;1.370168979813E9
1370168980229;1.370168980161E9
1370168980301;1.370168978724E9
1370168980798;1.370168980525E9
1370168980800;1.370168980634E9
1370168981336;1.370168981285E9
1370168981490;1.370168981485E9
1370168981557;1.370168981404E9
1370168981623;1.370168981423E9
1370168981691;1.370168981683E9
1370168981766;1.370168981722E9
1370168982260;1.370168982259E9
1370168982370;1.370168982264E9
1370168983216;1.370168983144E9
1370168983226;1.370168983048E9
1370168983232;1.370168983107E9
1370168983841;1.370168983792E9
1370168984481;1.370168984435E9
1370168984671;1.370168984666E9
1370168984682;1.370168984374E9
1370168985278;1.370168985276E9
1370168985417;1.370168985402E9
1370168985832;1.370168985543E9
1370168986696;1.370168986569E9
1370168986731;1.370168986651E9
1370168986745;1.370168986205E9
1370168986868;1.370168986865E9
1370168986911;1.370168986799E9
1370168987773;1.370168987632E9
1370168987859;1.370168987856E9
1370168988214;1.370168988103E9
1370168988295;1.370168988236E9
1370168988632;1.370168988609E9
1370168989363;1.370168989348E9
1370168989934;1.370168989695E9
1370168989984;1.370168989961E9
1370168990480;1.370168990356E9
1370168990574;1.370168990391E9
1370168991120;1.370168991013E9
1370168991238;1.370168990842E9
1370168991477;1.370168991453E9
1370168991932;1.370168991865E9
1370168992146;1.370168992097E9
1370168992229;1.370168992072E9
1370168992447;1.3701689924E9
1370168992575;1.370168992376E9
1370168992856;1.370168992786E9
1370168993337;1.370168993252E9
1370168993604;1.370168993507E9
1370168993622;1.370168993472E9
1370168993714;1.370168993692E9
1370168993795;1.37016899378E9
1370168994192;1.37016899419E9
1370168994496;1.370168994491E9
1370168994851;1.370168994618E9
1370168995110;1.370168995008E9
1370168995254;1.370168995154E9
1370168995576;1.370168995329E9
1370168995600;1.370168994673E9
1370168995641;1.370168995095E9
1370168995666;1.370168995603E9
1370168995694;1.370168995352E9
1370168995754;1.370168995468E9
1370168995928;1.370168995918E9
1370168995931;1.370168995771E9
1370168996417;1.370168996243E9
1370168996618;1.370168996499E9
1370168997070;1.370168996871E9
1370168997451;1.37016899733E9
1370168997857;1.370168997529E9
1370168998143;1.370168997309E9
1370168998549;1.370168998192E9
1370168998601;1.370168998367E9
1370168998623;1.370168998346E9
1370168998650;1.370168998635E9
1370168998757;1.370168998738E9
1370168998966;1.370168998949E9
1370168999255;1.370168999142E9
1370168999257;1.37016899909E9
1370168999412;1.37016899916E9
1370168999420;1.370168999079E9
1370168999825;1.370168999595E9
1370168999883;1.37016899962E9
1370169000288;1.370169000193E9
1370169001779;1.370169001776E9
1370169001809;1.370169001487E9
1370169001837;1.370169001817E9
1370169002126;1.370169002119E9
1370169002157;1.370169002114E9
1370169002204;1.370169002187E9
1370169002692;1.370169002619E9
1370169002703;1.370169002695E9
1370169003051;1.370169002936E9
1370169003330;1.370169003025E9
1370169003643;1.370169003557E9
1370169004019;1.370169003712E9
1370169004341;1.370169004261E9
1370169004422;1.370169004388E9
1370169004468;1.37016900441E9
1370169004601;1.37016900418E9
1370169004690;1.370169004618E9
1370169004866;1.370169004777E9
1370169004910;1.370169004909E9
1370169004948;1.370169004876E9
1370169005222;1.370169005193E9
1370169005231;1.370169005108E9
1370169005269;1.370169005114E9
1370169005271;1.370169005183E9
1370169005386;1.37016900528E9
1370169005413;1.370169004984E9
1370169005559;1.370169005504E9
1370169006332;1.370169006078E9
1370169006362;1.37016900636E9
1370169006388;1.370169006388E9
1370169006448;1.370169006112E9
1370169006549;1.370169006399E9
1370169006829;1.370169006758E9
1370169007200;1.370169007195E9
1370169007217;1.370169006623E9
1370169007332;1.37016900711E9
1370169007499;1.370169007344E9
1370169007542;1.370169007299E9
1370169007821;1.370169007669E9
1370169008168;1.370169007872E9
1370169008273;1.370169007335E9
1370169008339;1.370169007945E9
1370169008401;1.370169007566E9
1370169008485;1.370169006883E9
1370169008610;1.370169008587E9
1370169009081;1.370169009062E9
1370169009770;1.370169009743E9
1370169009937;1.370169009932E9
1370169010115;1.370169009989E9
1370169010238;1.370169010183E9
1370169010262;1.370169010217E9
1370169010606;1.370169010576E9
1370169010797;1.370169010672E9
1370169010911;1.370169010653E9
1370169011103;1.370169011066E9
1370169011172;1.370169011172E9
1370169011769;1.370169011767E9
1370169011799;1.370169011459E9
1370169012123;1.370169012073E9
1370169012230;1.370169012081E9
1370169012373;1.370169012253E9
1370169012377;1.370169012377E9
1370169012413;1.370169011909E9
1370169012448;1.370169012268E9
1370169013716;1.370169013316E9
1370169013830;1.370169013261E9
1370169014450;1.370169014142E9
1370169014795;1.370169014464E9
1370169014868;1.370169014808E9
1370169015035;1.370169014596E9
1370169015158;1.370169014509E9
1370169015440;1.370169015084E9
1370169016482;1.370169016001E9
1370169016503;1.370169016041E9
1370169016705;1.370169016704E9
1370169017106;1.370169015699E9
1370169017211;1.370169017136E9
1370169017560;1.370169017381E9
1370169017814;1.370169017694E9
1370169018272;1.370169018264E9
1370169018522;1.370169018324E9
1370169018613;1.370169018205E9
1370169018626;1.370169018192E9
1370169018730;1.370169017593E9
1370169018898;1.370169018444E9
1370169019079;1.37016901877E9
1370169019154;1.370169018979E9
1370169019175;1.370169019139E9
1370169019447;1.370169019237E9
1370169019916;1.370169019571E9
1370169019952;1.370169019513E9
1370169020135;1.370169019507E9
1370169020202;1.370169019448E9
1370169020547;1.370169020483E9
1370169020949;1.370169020924E9
1370169021022;1.370169021022E9
1370169021110;1.370169020739E9
1370169021509;1.370169021211E9
1370169021549;1.370169021202E9
1370169021874;1.37016902154E9
1370169022372;1.37016902228E9
1370169022428;1.370169022029E9
1370169022626;1.370169022515E9
1370169022640;1.370169022517E9
1370169022700;1.370169022613E9
1370169022817;1.370169022808E9
1370169023178;1.370169023153E9
1370169023316;1.370169023249E9
1370169023363;1.370169023277E9
1370169023631;1.370169023524E9
1370169023641;1.370169023506E9
1370169023948;1.370169023938E9
1370169024147;1.370169024128E9
1370169024427;1.37016902442E9
1370169024690;1.370169024688E9
1370169024977;1.370169024914E9
1370169025364;1.370169025305E9
1370169025553;1.37016902551E9
1370169025580;1.37016902552E9
1370169025809;1.370169025618E9
1370169025995;1.370169025816E9
1370169026748;1.370169026538E9
1370169026843;1.370169026785E9
1370169026845;1.370169026796E9
1370169026911;1.370169026574E9
1370169026921;1.370169026774E9
1370169027061;1.370169026488E9
1370169027453;1.370169027448E9
1370169027589;1.37016902746E9
1370169027829;1.370169027809E9
1370169028165;1.370169028024E9
1370169028269;1.370169027845E9
1370169028428;1.370169028379E9
1370169028562;1.370169028561E9
1370169028596;1.370169028596E9
1370169029031;1.370169028869E9
1370169029128;1.370169029123E9
1370169029250;1.370169028535E9
1370169029456;1.370169029318E9
1370169029823;1.37016902981E9
1370169029828;1.370169029629E9
1370169029952;1.370169029934E9
1370169030155;1.37016902986E9
1370169030217;1.370169029354E9
1370169030304;1.370169029499E9
1370169030340;1.370169030099E9
1370169030467;1.370169030258E9
1370169030929;1.370169030761E9
1370169031194;1.370169030715E9
1370169031553;1.37016903149E9
1370169031746;1.37016903162E9
1370169032111;1.370169031959E9
1370169032163;1.370169032117E9
1370169032171;1.370169032063E9
1370169032193;1.370169032178E9
1370169032508;1.370169032401E9
1370169032800;1.370169032679E9
1370169032850;1.370169032721E9
1370169032981;1.370169032901E9
1370169033024;1.370169032764E9
1370169033123;1.37016903304E9
1370169033262;1.370169033261E9
1370169033550;1.370169033487E9
1370169033775;1.370169033709E9
1370169033872;1.370169033852E9
1370169033911;1.37016903386E9
1370169034264;1.370169034165E9
1370169034485;1.370169034365E9
1370169034649;1.370169034593E9
1370169034927;1.37016903468E9
1370169034976;1.370169034724E9
1370169035086;1.370169035081E9
1370169035417;1.370169035366E9
1370169035832;1.370169035769E9
1370169035915;1.370169035882E9
1370169036207;1.370169035699E9
1370169036224;1.370169036104E9
1370169036285;1.370169036E9
1370169036292;1.370169035783E9
1370169036441;1.370169036373E9
1370169036510;1.370169036377E9
1370169036666;1.370169036578E9
1370169037070;1.370169037038E9
1370169037110;1.370169036803E9
1370169037580;1.370169037168E9
1370169037806;1.370169037676E9
1370169038258;1.370169038098E9
1370169038286;1.370169037838E9
1370169038310;1.370169037643E9
1370169039253;1.370169038726E9
1370169039337;1.370169039019E9
1370169039589;1.370169038638E9
1370169039760;1.370169039743E9
1370169039894;1.370169039644E9
1370169040711;1.370169040392E9
1370169040962;1.370169040542E9
1370169040993;1.370169040637E9
1370169041430;1.370169041E9
1370169041498;1.370169041013E9
1370169041557;1.370169041449E9
1370169041739;1.370169041542E9
1370169041824;1.370169041324E9
1370169042026;1.370169041797E9
1370169042180;1.370169041949E9
1370169042444;1.370169042439E9
1370169042515;1.370169042424E9
1370169042776;1.370169042723E9
1370169043095;1.370169042905E9
1370169043545;1.370169043321E9
1370169043721;1.370169043362E9
1370169043795;1.370169043788E9
1370169043861;1.370169043857E9
1370169043915;1.370169043233E9
1370169043921;1.370169043639E9
1370169044017;1.370169042953E9
1370169044302;1.370169044253E9
1370169044562;1.370169043831E9
1370169044708;1.370169044176E9
1370169044761;1.370169044332E9
1370169044820;1.370169043934E9
1370169045202;1.370169045159E9
1370169045331;1.370169045304E9
1370169045370;1.370169045359E9
1370169045618;1.370169045452E9
1370169045730;1.37016904569E9
1370169045902;1.370169045899E9
1370169045983;1.370169045859E9
1370169045994;1.370169045818E9
1370169046120;1.370169046109E9
1370169046303;1.370169046178E9
1370169046317;1.37016904629E9
1370169046527;1.370169046489E9
1370169046548;1.370169046493E9
1370169046870;1.370169046766E9
1370169046876;1.3701690465E9
1370169047626;1.370169047435E9
1370169047664;1.370169047649E9
1370169048011;1.37016904783E9
1370169048267;1.370169048072E9
1370169048459;1.37016904841E9
1370169048536;1.370169048464E9
1370169048675;1.37016904864E9
1370169048727;1.370169048599E9
1370169048771;1.370169048107E9
1370169049011;1.37016904897E9
1370169049115;1.370169049106E9
1370169049294;1.370169048948E9
1370169049560;1.370169048934E9
1370169049584;1.370169048861E9
1370169049708;1.370169049595E9
1370169050053;1.370169049945E9
1370169050256;1.370169049514E9
1370169050465;1.370169050294E9
1370169050657;1.370169050221E9
1370169050830;1.370169050295E9
1370169050945;1.370169050766E9
1370169050976;1.370169050975E9
1370169051371;1.370169051356E9
1370169051535;1.370169051474E9
1370169052601;1.370169052596E9
1370169052912;1.37016905209E9
1370169053055;1.37016905305E9
1370169053310;1.370169053296E9
1370169053398;1.370169053316E9
1370169054058;1.370169054011E9
1370169054273;1.370169054218E9
1370169054706;1.37016905459E9
1370169055070;1.370169054769E9
1370169055102;1.370169054535E9
1370169055283;1.370169055218E9
1370169055311;1.370169055295E9
1370169055648;1.370169055472E9
1370169055875;1.370169055725E9
1370169056032;1.370169055839E9
1370169056101;1.3701690561E9
1370169056393;1.370169056353E9
1370169056878;1.370169056803E9
1370169057282;1.370169057108E9
1370169057411;1.370169057385E9
1370169057684;1.370169056995E9
1370169058291;1.370169057914E9
1370169058937;1.370169058892E9
1370169059257;1.370169058536E9
1370169059428;1.370169059258E9
1370169059461;1.370169058828E9
1370169059468;1.37016905835E9
1370169059608;1.370169059243E9
1370169059793;1.370169059725E9
1370169059817;1.370169059817E9
1370169059847;1.370169059845E9
1370169059913;1.370169059541E9
1370169060155;1.370169059631E9
1370169060178;1.370169060061E9
1370169060199;1.370169059703E9
1370169060352;1.370169060351E9
1370169060469;1.37016905999E9
1370169060547;1.370169060472E9
1370169060665;1.370169060618E9
1370169061148;1.370169061099E9
1370169061202;1.37016906116E9
1370169061266;1.370169061223E9
1370169061443;1.370169061309E9
1370169061506;1.370169061305E9
1370169061909;1.370169061859E9
1370169062195;1.370169062194E9
1370169062223;1.370169062152E9
1370169062730;1.370169062213E9
1370169062879;1.370169062797E9
1370169062981;1.370169062831E9
1370169063084;1.370169062436E9
1370169063636;1.370169063312E9
1370169063674;1.37016906353E9
1370169063678;1.370169063379E9
1370169064377;1.370169063489E9
1370169064627;1.370169063605E9
1370169064660;1.370169063463E9
1370169065031;1.37016906451E9
1370169065044;1.370169065003E9
1370169065077;1.370169065047E9
1370169065153;1.370169065149E9
1370169065289;1.370169065288E9
1370169065422;1.370169065312E9
1370169065484;1.370169065401E9
1370169065656;1.370169065646E9
1370169065722;1.370169065497E9
1370169065728;1.370169065329E9
1370169066196;1.37016906607E9
1370169066206;1.370169066205E9
1370169066290;1.370169065842E9
1370169066584;1.3701690659E9
1370169066697;1.370169066265E9
1370169066730;1.370169066487E9
1370169066789;1.370169066677E9
1370169066894;1.37016906677E9
1370169067013;1.370169066833E9
1370169067035;1.37016906664E9
1370169067431;1.370169067374E9
1370169067435;1.37016906738E9
1370169067483;1.370169067479E9
1370169067911;1.370169067864E9
1370169068219;1.370169068139E9
1370169068868;1.370169068388E9
1370169069057;1.370169068727E9
1370169069074;1.370169068287E9
1370169069295;1.370169069147E9
1370169069428;1.370169069283E9
1370169069617;1.370169069521E9
1370169069642;1.370169069471E9
1370169069882;1.370169069864E9
1370169070381;1.370169070379E9
1370169070895;1.370169070769E9
1370169071037;1.370169070586E9
1370169071166;1.370169071165E9
1370169071625;1.370169070696E9
1370169071847;1.370169071586E9
1370169071861;1.370169071646E9
1370169071959;1.370169071948E9
1370169071974;1.370169071731E9
1370169072089;1.370169072089E9
1370169072102;1.370169072101E9
1370169072150;1.370169071935E9
1370169072221;1.370169072091E9
1370169072417;1.370169071951E9
1370169072523;1.370169072404E9
1370169072920;1.37016907292E9
1370169073051;1.370169072853E9
1370169073576;1.370169073393E9
1370169073643;1.37016907362E9
1370169073818;1.370169073492E9
1370169073916;1.370169073602E9
1370169073937;1.37016907323E9
1370169074029;1.370169073959E9
1370169074141;1.370169073995E9
1370169074142;1.37016907413E9
1370169074444;1.370169074417E9
1370169075085;1.370169074778E9
1370169075204;1.370169075181E9
1370169075516;1.370169075478E9
1370169075745;1.370169075546E9
1370169075887;1.370169075824E9
1370169075932;1.370169075856E9
1370169075938;1.37016907539E9
1370169076078;1.370169075915E9
1370169076197;1.370169076151E9
1370169076351;1.370169076257E9
1370169076392;1.370169075838E9
1370169076799;1.370169076683E9
1370169076927;1.37016907678E9
1370169077255;1.370169077E9
1370169077514;1.370169077059E9
1370169077614;1.370169077523E9
1370169078103;1.370169077913E9
1370169078178;1.370169078038E9
1370169078415;1.37016907841E9
1370169078555;1.370169078497E9
1370169078885;1.370169078812E9
1370169079019;1.370169078984E9
1370169079045;1.370169079044E9
1370169079326;1.370169079246E9
1370169079558;1.37016907898E9
1370169079672;1.370169079579E9
1370169079859;1.370169079855E9
1370169079955;1.370169079864E9
1370169080122;1.370169080087E9
1370169080308;1.370169080253E9
1370169080659;1.370169080621E9
1370169080753;1.370169080356E9
1370169080970;1.370169080855E9
1370169081034;1.37016908096E9
1370169081148;1.370169081081E9
1370169081703;1.370169081673E9
1370169082407;1.370169082395E9
1370169082537;1.370169082436E9
1370169082547;1.370169082478E9
1370169082985;1.370169082449E9
1370169083316;1.370169082695E9
1370169083454;1.370169083428E9
1370169083514;1.370169083016E9
1370169083657;1.370169083555E9
1370169083910;1.370169083471E9
1370169084015;1.370169083792E9
1370169084316;1.370169084293E9
1370169084349;1.370169083912E9
1370169084494;1.370169084456E9
1370169084673;1.370169084651E9
1370169085033;1.370169084943E9
1370169085340;1.370169084914E9
1370169085366;1.37016908507E9
1370169085644;1.370169085565E9
1370169085811;1.370169085533E9
1370169085870;1.37016908585E9
1370169085871;1.370169085844E9
1370169086095;1.370169086047E9
1370169086254;1.370169086176E9
1370169086304;1.370169086154E9
1370169086388;1.370169086179E9
1370169087008;1.370169086938E9
1370169087644;1.370169087534E9
1370169087799;1.370169087753E9
1370169087863;1.370169087861E9
1370169088144;1.370169088107E9
1370169088712;1.370169088373E9
1370169088788;1.370169088785E9
1370169088989;1.370169088659E9
1370169089125;1.370169089124E9
1370169089342;1.37016908923E9
1370169089918;1.370169089831E9
1370169090323;1.370169090258E9
1370169090509;1.370169090372E9
1370169090587;1.370169090094E9
1370169090670;1.370169090324E9
1370169090886;1.370169090183E9
1370169091163;1.370169091136E9
1370169091255;1.370169090779E9
1370169091442;1.370169091152E9
1370169091947;1.370169091863E9
1370169092195;1.370169092121E9
1370169092279;1.370169092254E9
1370169092344;1.370169092088E9
1370169092391;1.370169090765E9
1370169092563;1.370169092323E9
1370169092649;1.370169092459E9
1370169092790;1.370169092626E9
1370169092845;1.370169092452E9
1370169092911;1.370169092766E9
1370169092967;1.370169092954E9
1370169093881;1.370169093816E9
1370169094203;1.370169094173E9
1370169094644;1.370169094498E9
1370169094648;1.37016909446E9
1370169094841;1.370169094782E9
1370169095130;1.370169094873E9
1370169095472;1.3701690954E9
1370169095530;1.370169095529E9
1370169095622;1.370169095579E9
1370169095938;1.370169095926E9
1370169095968;1.370169095613E9
1370169096365;1.37016909633E9
1370169096554;1.37016909624E9
1370169097020;1.37016909681E9
1370169097039;1.370169096932E9
1370169097375;1.370169097145E9
1370169097794;1.370169097071E9
1370169097848;1.370169097701E9
1370169097873;1.370169096875E9
1370169097948;1.370169097943E9
1370169098035;1.370169096869E9
1370169098080;1.370169098058E9
1370169098146;1.370169097891E9
1370169098169;1.370169097957E9
1370169098586;1.370169098573E9
1370169098784;1.370169098746E9
1370169099096;1.370169098763E9
1370169099215;1.370169098973E9
1370169099235;1.370169098986E9
1370169099511;1.370169099467E9
1370169099656;1.370169099655E9
1370169099762;1.370169099698E9
1370169099782;1.370169099672E9
1370169100257;1.370169100195E9
1370169100278;1.370169100156E9
1370169100722;1.37016910066E9
1370169100853;1.370169100811E9
1370169101225;1.370169101096E9
1370169101510;1.370169101509E9
1370169101748;1.370169101491E9
1370169101963;1.370169101763E9
1370169102054;1.370169101309E9
1370169102119;1.37016910207E9
1370169102160;1.370169101839E9
1370169102174;1.37016910145E9
1370169102189;1.370169101429E9
1370169102278;1.37016910215E9
1370169102387;1.370169102237E9
1370169102458;1.370169102353E9
1370169102497;1.370169102496E9
1370169102624;1.370169102418E9
1370169102833;1.370169102411E9
1370169102862;1.370169102672E9
1370169103034;1.370169102795E9
1370169103042;1.370169102693E9
1370169103186;1.370169103164E9
1370169103375;1.370169103234E9
1370169103418;1.370169103144E9
1370169103496;1.370169103397E9
1370169103613;1.370169103611E9
1370169103659;1.370169103634E9
1370169104082;1.370169103768E9
1370169104144;1.370169103785E9
1370169104213;1.370169104001E9
1370169104266;1.370169104068E9
1370169104303;1.370169104162E9
1370169104536;1.370169104385E9
1370169104942;1.370169104834E9
1370169105086;1.370169104902E9
1370169105305;1.370169104949E9
1370169105360;1.370169105247E9
1370169105366;1.370169105252E9
1370169105424;1.370169105132E9
1370169105717;1.370169105497E9
1370169105835;1.370169105799E9
1370169105869;1.370169105845E9
1370169106223;1.370169106131E9
1370169106380;1.370169106152E9
1370169106461;1.370169106432E9
1370169106563;1.370169106117E9
1370169106600;1.370169106542E9
1370169106687;1.370169106481E9
1370169107001;1.370169106954E9
1370169107093;1.370169107088E9
1370169107321;1.370169107314E9
1370169107465;1.370169107368E9
1370169107499;1.370169107394E9
1370169107838;1.37016910765E9
1370169107869;1.370169107584E9
1370169108784;1.370169108719E9
1370169109159;1.37016910893E9
1370169109160;1.370169108985E9
1370169109282;1.370169109177E9
1370169109332;1.370169109207E9
1370169109673;1.37016910955E9
1370169109719;1.370169109563E9
1370169109891;1.370169109886E9
1370169110075;1.370169109934E9
1370169110262;1.370169110043E9
1370169110321;1.370169110078E9
1370169110355;1.370169109973E9
1370169110468;1.370169110468E9
1370169110656;1.370169110631E9
1370169110735;1.370169110578E9
1370169110981;1.370169110912E9
1370169111515;1.370169111504E9
1370169111579;1.370169111564E9
1370169111997;1.370169111975E9
1370169112322;1.370169112267E9
1370169112415;1.370169112339E9
1370169113174;1.370169112835E9
1370169113211;1.370169113193E9
1370169113512;1.37016911325E9
1370169113524;1.370169113499E9
1370169113530;1.370169113444E9
1370169113706;1.370169113658E9
1370169113756;1.370169113687E9
1370169114118;1.37016911407E9
1370169114139;1.370169114025E9
1370169114237;1.370169114215E9
1370169114611;1.370169114593E9
1370169114809;1.370169114772E9
1370169114869;1.370169114838E9
1370169115061;1.370169115049E9
1370169115128;1.370169115123E9
1370169116026;1.370169115658E9
1370169116027;1.370169115764E9
1370169116028;1.37016911588E9
1370169116113;1.370169116108E9
1370169116433;1.370169116177E9
1370169116832;1.3701691165E9
1370169116839;1.370169116839E9
1370169117102;1.370169116961E9
1370169117491;1.37016911749E9
1370169117542;1.370169117495E9
1370169117736;1.370169117647E9
1370169117750;1.370169117586E9
1370169117878;1.370169117661E9
1370169118460;1.370169118293E9
1370169118688;1.37016911857E9
1370169118832;1.370169118694E9
1370169118913;1.370169118839E9
1370169118919;1.370169118918E9
1370169118939;1.370169118898E9
1370169119198;1.370169118964E9
1370169119387;1.370169119317E9
1370169119497;1.370169119219E9
1370169119538;1.370169119072E9
1370169119903;1.370169119665E9
1370169120010;1.37016912E9
1370169120286;1.370169120142E9
1370169120387;1.370169120378E9
1370169120440;1.370169120419E9
1370169120521;1.370169120351E9
1370169120834;1.37016912074E9
1370169120872;1.370169120702E9
1370169121003;1.370169120929E9
1370169121013;1.370169120943E9
1370169121200;1.370169121156E9
1370169121317;1.37016912128E9
1370169121341;1.370169121324E9
1370169121472;1.370169121415E9
1370169121655;1.370169121375E9
1370169122271;1.370169122072E9
1370169122288;1.370169121568E9
1370169122318;1.370169121667E9
1370169122399;1.370169122034E9
1370169122403;1.370169121766E9
1370169122828;1.370169122593E9
1370169122853;1.370169122621E9
1370169122888;1.370169122761E9
1370169122965;1.370169122933E9
1370169123399;1.370169123342E9
1370169123430;1.370169123324E9
1370169123648;1.370169123604E9
1370169124113;1.370169123942E9
1370169124364;1.370169123719E9
1370169124402;1.370169124146E9
1370169124435;1.37016912367E9
1370169124938;1.370169124894E9
1370169124976;1.37016912484E9
1370169125137;1.370169124878E9
1370169125148;1.370169125121E9
1370169125592;1.370169125588E9
1370169125607;1.370169125554E9
1370169125775;1.370169125765E9
1370169126024;1.370169125999E9
1370169126147;1.37016912599E9
1370169126397;1.370169126311E9
1370169126584;1.370169126454E9
1370169126627;1.370169126586E9
1370169127158;1.370169126903E9
1370169127275;1.370169126912E9
1370169127276;1.370169127019E9
1370169127347;1.370169127249E9
1370169127443;1.3701691272E9
1370169127773;1.37016912764E9
1370169127961;1.370169127926E9
1370169128294;1.370169127819E9
1370169128638;1.370169128113E9
1370169128816;1.370169128357E9
1370169128994;1.370169128914E9
1370169129258;1.370169129111E9
1370169129269;1.370169129181E9
1370169129368;1.370169129225E9
1370169129654;1.370169129459E9
1370169129656;1.370169129502E9
1370169130233;1.370169130192E9
1370169130327;1.370169130109E9
1370169130346;1.370169130152E9
1370169130462;1.370169130426E9
1370169130611;1.370169130549E9
1370169131154;1.370169130661E9
1370169131244;1.370169131159E9
1370169131283;1.370169130873E9
1370169131303;1.370169131128E9
1370169131314;1.370169131293E9
1370169131325;1.370169129677E9
1370169131964;1.370169131895E9
1370169132147;1.370169132085E9
1370169132160;1.370169131972E9
1370169132342;1.370169132216E9
1370169133055;1.370169132989E9
1370169133093;1.370169133091E9
1370169133152;1.370169133079E9
1370169133734;1.370169133721E9
1370169133774;1.370169133748E9
1370169133846;1.370169133776E9
1370169133855;1.370169133805E9
1370169133952;1.370169133893E9
1370169134115;1.370169134067E9
1370169134344;1.370169134122E9
1370169134547;1.370169134416E9
1370169134571;1.370169134264E9
1370169134681;1.370169134652E9
1370169134955;1.370169134897E9
1370169135079;1.370169134813E9
1370169135121;1.370169134936E9
1370169135318;1.37016913513E9
1370169135328;1.370169135163E9
1370169135332;1.370169135219E9
1370169135699;1.370169135677E9
1370169135924;1.370169135683E9
1370169135966;1.370169135742E9
1370169136135;1.370169135948E9
1370169136174;1.370169136029E9
1370169136379;1.370169136316E9
1370169136563;1.370169136545E9
1370169136773;1.370169136593E9
1370169136958;1.370169136809E9
1370169136963;1.370169136961E9
1370169137668;1.37016913761E9
1370169137767;1.370169137764E9
1370169137835;1.370169137181E9
1370169137852;1.370169137847E9
1370169137874;1.37016913778E9
1370169138170;1.370169138026E9
1370169138297;1.370169138049E9
1370169138702;1.370169138445E9
1370169139109;1.370169138666E9
1370169139111;1.370169138675E9
1370169139186;1.370169138494E9
1370169139291;1.370169139137E9
1370169139463;1.370169139462E9
1370169139659;1.37016913961E9
1370169139667;1.370169138549E9
1370169139776;1.370169138882E9
1370169139816;1.370169139489E9
1370169139897;1.370169139892E9
1370169140384;1.370169140343E9
1370169140690;1.370169140679E9
1370169141388;1.370169141348E9
1370169141396;1.370169141253E9
1370169141411;1.370169141406E9
1370169141544;1.370169141512E9
1370169141777;1.370169141759E9
1370169142813;1.370169142789E9
1370169142962;1.37016914294E9
1370169143418;1.370169143358E9
1370169143599;1.370169143521E9
1370169143776;1.370169143683E9
1370169144156;1.370169143866E9
1370169144230;1.370169143974E9
1370169144752;1.370169144717E9
1370169144758;1.370169144493E9
1370169145076;1.370169145007E9
1370169145666;1.370169145549E9
1370169145774;1.370169145758E9
1370169146245;1.370169146225E9
1370169146432;1.370169146384E9
1370169146670;1.370169146552E9
1370169146873;1.370169146798E9
1370169147050;1.370169147049E9
1370169147093;1.370169147077E9
1370169147187;1.370169147167E9
1370169147277;1.370169147243E9
1370169148043;1.370169147999E9
1370169148392;1.370169148364E9
1370169149227;1.370169149098E9
1370169149484;1.370169149481E9
1370169149569;1.370169149567E9
1370169149639;1.37016914955E9
1370169149892;1.370169149757E9
1370169149923;1.370169149878E9
1370169150091;1.370169149983E9
1370169150358;1.370169150197E9
1370169150802;1.370169150514E9
1370169151149;1.370169150575E9
1370169151432;1.37016915126E9
1370169151510;1.370169151349E9
1370169151897;1.370169151841E9
1370169152153;1.370169151641E9
1370169152164;1.370169151697E9
1370169152266;1.370169152225E9
1370169152275;1.370169152215E9
1370169152530;1.370169152469E9
1370169152652;1.370169152593E9
1370169152770;1.37016915273E9
1370169152847;1.370169152479E9
1370169153090;1.370169152871E9
1370169153332;1.3701691533E9
1370169153477;1.370169153475E9
1370169153520;1.370169153056E9
1370169153726;1.370169153602E9
1370169154579;1.370169154354E9
1370169154618;1.370169154051E9
1370169154628;1.37016915377E9
1370169154748;1.370169154735E9
1370169155428;1.370169154502E9
1370169155645;1.370169154125E9
1370169155689;1.370169155182E9
1370169156027;1.370169154685E9
1370169156144;1.370169156108E9
1370169156663;1.370169156642E9
1370169157410;1.37016915727E9
1370169157811;1.370169157733E9
1370169158126;1.370169158031E9
1370169158178;1.370169158173E9
1370169158209;1.370169158179E9
1370169158408;1.370169158286E9
1370169158565;1.370169158514E9
1370169158637;1.370169158453E9
1370169158657;1.370169158257E9
1370169158755;1.370169158745E9
1370169159128;1.370169159127E9
1370169159582;1.370169159547E9
1370169159633;1.370169159619E9
1370169159671;1.370169159641E9
1370169160003;1.370169159795E9
1370169160018;1.37016915952E9
1370169160223;1.370169160148E9
1370169160293;1.370169160271E9
1370169160429;1.370169160267E9
1370169160503;1.370169160376E9
1370169160558;1.370169160547E9
1370169160842;1.370169160777E9
1370169160879;1.370169160458E9
1370169160968;1.37016916058E9
1370169161564;1.370169161292E9
1370169161708;1.370169161548E9
1370169161762;1.370169160326E9
1370169161787;1.370169161723E9
1370169162036;1.370169161991E9
1370169162130;1.370169162001E9
1370169162519;1.370169162238E9
1370169162761;1.37016916248E9
1370169162908;1.370169162657E9
1370169163420;1.37016916283E9
1370169163900;1.370169162991E9
1370169164305;1.370169162737E9
1370169164308;1.370169163813E9
1370169164340;1.370169163144E9
1370169164415;1.370169163484E9
1370169164420;1.370169164009E9
1370169165057;1.370169164891E9
1370169165089;1.370169165001E9
1370169165420;1.370169165374E9
1370169165427;1.370169164971E9
1370169165889;1.370169165726E9
1370169166023;1.370169165708E9
1370169166092;1.370169165824E9
1370169166199;1.370169166032E9
1370169166278;1.370169166249E9
1370169166768;1.37016916652E9
1370169166772;1.370169166771E9
1370169167124;1.370169167082E9
1370169167220;1.370169167176E9
1370169167432;1.370169167235E9
1370169167564;1.370169167264E9
1370169167706;1.370169167668E9
1370169167955;1.37016916794E9
1370169168237;1.37016916812E9
1370169168290;1.370169168131E9
1370169168440;1.370169168324E9
1370169168445;1.370169168329E9
1370169168527;1.370169168504E9
1370169168612;1.370169168462E9
1370169168894;1.370169168893E9
1370169168962;1.370169168907E9
1370169169020;1.370169168813E9
1370169169604;1.370169169343E9
1370169169966;1.370169169359E9
1370169170262;1.370169169471E9
1370169170278;1.370169170028E9
1370169170287;1.370169169619E9
1370169170347;1.370169170205E9
1370169170526;1.3701691704E9
1370169170554;1.370169169882E9
1370169170735;1.370169168751E9
1370169170929;1.370169170692E9
1370169171260;1.370169171204E9
1370169171605;1.370169171412E9
1370169171775;1.370169171657E9
1370169171785;1.370169171639E9
1370169171987;1.37016917157E9
1370169172351;1.370169172168E9
1370169172452;1.37016917195E9
1370169173028;1.370169172945E9
1370169173089;1.370169173074E9
1370169173421;1.37016917342E9
1370169173597;1.37016917347E9
1370169173933;1.370169173912E9
1370169174953;1.370169174785E9
1370169175135;1.370169175128E9
1370169175450;1.37016917516E9
1370169175535;1.370169175437E9
1370169175547;1.370169175374E9
1370169175562;1.370169175561E9
1370169175817;1.370169175647E9
1370169175958;1.370169175825E9
1370169176148;1.370169176089E9
1370169176272;1.370169176161E9
1370169176386;1.370169176099E9
1370169176469;1.370169176173E9
1370169176566;1.370169176283E9
1370169176573;1.370169176392E9
1370169176681;1.370169176666E9
1370169176741;1.370169176736E9
1370169177772;1.3701691777E9
1370169177793;1.370169177507E9
1370169177961;1.370169177753E9
1370169178071;1.37016917713E9
1370169178399;1.370169177693E9
1370169178682;1.370169178652E9
1370169179020;1.370169178845E9
1370169179198;1.370169179145E9
1370169179199;1.370169179199E9
1370169179456;1.370169179335E9
1370169179500;1.370169179129E9
1370169180018;1.370169179623E9
1370169180044;1.370169180041E9
1370169180155;1.370169179715E9
1370169180467;1.370169180333E9
1370169180559;1.370169180206E9
1370169180688;1.370169180591E9
1370169180928;1.370169180842E9
1370169181228;1.370169181076E9
1370169181279;1.370169181129E9
1370169181621;1.37016918108E9
1370169181664;1.370169181417E9
1370169182009;1.370169181651E9
1370169182087;1.370169181021E9
1370169182213;1.370169181492E9
1370169182259;1.370169182035E9
1370169182291;1.370169181829E9
1370169182324;1.370169182162E9
1370169182445;1.37016918207E9
1370169182929;1.370169182708E9
1370169183071;1.370169182986E9
1370169183814;1.370169183809E9
1370169183923;1.370169183921E9
1370169184464;1.37016918443E9
1370169184784;1.370169184762E9
1370169184802;1.370169184629E9
1370169185424;1.370169185245E9
1370169185582;1.370169185561E9
1370169185633;1.370169185412E9
1370169186299;1.370169186299E9
1370169186357;1.370169185808E9
1370169186815;1.370169186247E9
1370169187018;1.370169186302E9
1370169187120;1.37016918634E9
1370169187300;1.370169186553E9
1370169187408;1.370169187143E9
1370169187530;1.370169187198E9
1370169187610;1.370169187605E9
1370169187647;1.370169187637E9
1370169187824;1.370169187784E9
1370169187959;1.370169187725E9
1370169188179;1.37016918809E9
1370169188477;1.370169188206E9
1370169188513;1.370169188052E9
1370169188624;1.370169188623E9
1370169188989;1.370169188984E9
1370169189668;1.370169189656E9
1370169189937;1.37016918978E9
1370169190196;1.37016919005E9
1370169190430;1.370169190384E9
1370169190530;1.370169190231E9
1370169190544;1.370169190377E9
1370169190820;1.370169190696E9
1370169190905;1.370169190851E9
1370169191432;1.370169191079E9
1370169191573;1.370169191535E9
1370169191983;1.370169191864E9
1370169192314;1.370169192247E9
1370169192370;1.370169192237E9
1370169193380;1.370169193069E9
1370169193547;1.370169193524E9
1370169193549;1.37016919345E9
1370169193874;1.370169193784E9
1370169193948;1.370169193902E9
1370169194237;1.370169194224E9
1370169194368;1.370169194348E9
1370169194508;1.370169194503E9
1370169194604;1.370169194415E9
1370169194680;1.370169194604E9
1370169194797;1.370169194634E9
1370169194834;1.370169194819E9
1370169194914;1.370169194872E9
1370169194984;1.370169194864E9
1370169195326;1.370169195242E9
1370169195626;1.370169195348E9
1370169195701;1.370169195411E9
1370169195875;1.370169195854E9
1370169196116;1.37016919607E9
1370169196589;1.37016919637E9
1370169196771;1.370169196712E9
1370169196960;1.370169196219E9
1370169197008;1.370169197007E9
1370169197021;1.370169196948E9
1370169197373;1.370169197343E9
1370169197457;1.370169197401E9
1370169197756;1.370169197681E9
1370169197879;1.370169197833E9
1370169198482;1.370169198163E9
1370169198752;1.370169198579E9
1370169198836;1.370169198019E9
1370169198921;1.370169198788E9
1370169198936;1.370169198088E9
1370169199053;1.370169198734E9
1370169199305;1.370169199225E9
1370169199677;1.370169199199E9
1370169199953;1.370169199405E9
1370169200016;1.37016919993E9
1370169200017;1.370169200003E9
1370169200135;1.370169198944E9
1370169200347;1.370169200287E9
1370169200378;1.37016919885E9
1370169200436;1.370169200184E9
1370169200461;1.370169200282E9
1370169200700;1.370169200699E9
1370169200877;1.370169200747E9
1370169200956;1.370169200764E9
1370169201017;1.370169200858E9
1370169201031;1.370169200767E9
1370169201309;1.3701692013E9
1370169201669;1.370169200899E9
1370169201691;1.370169201257E9
1370169201825;1.370169201544E9
1370169201910;1.370169201895E9
1370169202034;1.370169202034E9
1370169202454;1.370169202453E9
1370169202616;1.370169202409E9
1370169202672;1.370169202466E9
1370169202906;1.370169202535E9
1370169202925;1.370169202872E9
1370169202982;1.37016920264E9
1370169203123;1.370169203037E9
1370169203516;1.370169203515E9
1370169203613;1.370169203435E9
1370169203794;1.370169203763E9
1370169203914;1.370169203345E9
1370169204061;1.370169203856E9
1370169204203;1.370169204198E9
1370169204274;1.370169203996E9
1370169204487;1.370169203832E9
1370169204503;1.370169204467E9
1370169204636;1.370169204603E9
1370169205007;1.370169204675E9
1370169205040;1.370169205039E9
1370169205233;1.370169205032E9
1370169205310;1.370169204768E9
1370169205427;1.370169204937E9
1370169205646;1.370169205564E9
1370169205725;1.370169205581E9
1370169206442;1.370169206004E9
1370169206627;1.370169206178E9
1370169206920;1.370169206834E9
1370169207009;1.370169206259E9
1370169207046;1.370169206176E9
1370169207844;1.370169207839E9
1370169208252;1.370169207428E9
1370169208369;1.370169208324E9
1370169208577;1.370169208338E9
1370169208612;1.370169207955E9
1370169208869;1.370169208688E9
1370169209024;1.370169208968E9
1370169209084;1.370169208314E9
1370169209282;1.370169209282E9
1370169209298;1.370169209276E9
1370169209507;1.370169209407E9
1370169209879;1.370169209795E9
1370169210379;1.370169210374E9
1370169210503;1.370169210502E9
1370169210783;1.370169210732E9
1370169210893;1.370169210764E9
1370169211163;1.370169211116E9
1370169211215;1.370169211104E9
1370169211533;1.370169211315E9
1370169211768;1.370169211393E9
1370169212171;1.370169211954E9
1370169212274;1.370169211774E9
1370169212322;1.370169211332E9
1370169212328;1.370169211302E9
1370169212439;1.370169212369E9
1370169212661;1.370169212531E9
1370169212873;1.370169212787E9
1370169213344;1.370169213313E9
1370169213673;1.370169213561E9
1370169214198;1.370169214186E9
1370169214304;1.370169214292E9
1370169214750;1.370169214441E9
1370169214829;1.370169214542E9
1370169214960;1.370169214759E9
1370169215176;1.370169215145E9
1370169215240;1.370169215106E9
1370169215281;1.370169215262E9
1370169215502;1.370169215499E9
1370169215774;1.370169215767E9
1370169215902;1.370169215652E9
1370169215931;1.370169215696E9
1370169216139;1.370169215962E9
1370169216156;1.370169215973E9
1370169216360;1.370169216024E9
1370169216421;1.370169216416E9
1370169216940;1.370169216936E9
1370169217069;1.370169216824E9
1370169217108;1.370169217082E9
1370169217265;1.370169217239E9
1370169217383;1.370169217365E9
1370169217491;1.370169216946E9
1370169217568;1.370169217567E9
1370169217658;1.370169217553E9
1370169217682;1.370169217612E9
1370169217819;1.370169217811E9
1370169218587;1.370169218477E9
1370169218758;1.370169218755E9
1370169218914;1.370169218826E9
1370169219319;1.370169219244E9
1370169219935;1.370169219755E9
1370169219956;1.370169219808E9
1370169220258;1.370169220223E9
1370169220651;1.370169220094E9
1370169220672;1.370169219305E9
1370169220793;1.370169219711E9
1370169221097;1.370169221029E9
1370169221291;1.370169221289E9
1370169221487;1.370169221479E9
1370169221536;1.370169221494E9
1370169221830;1.370169221627E9
1370169222547;1.370169222471E9
1370169222649;1.370169222296E9
1370169222700;1.370169222699E9
1370169222776;1.370169222601E9
1370169222890;1.370169222368E9
1370169222955;1.370169222892E9
1370169223122;1.370169223094E9
1370169223198;1.370169223188E9
1370169223341;1.370169223292E9
1370169223368;1.370169223276E9
1370169223698;1.370169223656E9
1370169224426;1.370169224362E9
1370169224508;1.370169224358E9
1370169224579;1.370169224576E9
1370169224925;1.370169224866E9
1370169225267;1.370169225206E9
1370169225478;1.370169225354E9
1370169225491;1.370169225311E9
1370169225541;1.370169225463E9
1370169225930;1.370169225847E9
1370169226167;1.370169226085E9
1370169226454;1.370169226408E9
1370169226800;1.370169226588E9
1370169226941;1.37016922686E9
1370169227039;1.370169226914E9
1370169227567;1.370169227557E9
1370169228012;1.37016922783E9
1370169228103;1.370169228047E9
1370169228555;1.370169228477E9
1370169229125;1.370169228684E9
1370169229475;1.370169229136E9
1370169229881;1.370169229028E9
1370169230004;1.370169229503E9
1370169230364;1.37016923016E9
1370169230697;1.370169230511E9
1370169230759;1.370169230406E9
1370169230779;1.370169230388E9
1370169231081;1.37016923096E9
1370169231090;1.370169231085E9
1370169231496;1.370169231304E9
1370169231521;1.37016923136E9
1370169231554;1.370169231114E9
1370169231822;1.370169231793E9
1370169232127;1.370169232118E9
1370169232288;1.370169232073E9
1370169232892;1.370169232655E9
1370169233055;1.37016923266E9
1370169233134;1.370169232933E9
1370169233365;1.370169233159E9
1370169233443;1.37016923326E9
1370169233581;1.370169233345E9
1370169233841;1.370169233611E9
1370169234890;1.370169234518E9
1370169235554;1.370169235521E9
1370169235569;1.370169235541E9
1370169235809;1.370169235684E9
1370169236260;1.370169236241E9
1370169236831;1.370169236499E9
1370169237105;1.370169236631E9
1370169237357;1.370169237142E9
1370169237365;1.37016923662E9
1370169237385;1.370169236865E9
1370169237404;1.370169236579E9
1370169237637;1.370169237462E9
1370169237644;1.370169237641E9
1370169237730;1.370169237518E9
1370169237838;1.370169237815E9
1370169238122;1.37016923811E9
1370169238396;1.370169238395E9
1370169238438;1.370169238223E9
1370169238640;1.370169238185E9
1370169238910;1.370169238882E9
1370169238960;1.370169238955E9
1370169239688;1.37016923908E9
1370169239766;1.370169239163E9
1370169240155;1.370169239347E9
1370169240289;1.370169239835E9
1370169240331;1.370169240133E9
1370169240371;1.370169240291E9
1370169240402;1.370169240143E9
1370169240592;1.370169240566E9
1370169240816;1.370169240624E9
1370169240830;1.370169240345E9
1370169241206;1.370169241033E9
1370169241320;1.370169241244E9
1370169241777;1.370169241743E9
1370169241965;1.370169241917E9
1370169242087;1.37016924188E9
1370169242888;1.370169242775E9
1370169243649;1.370169243494E9
1370169243653;1.370169243634E9
1370169244100;1.370169244095E9
1370169244214;1.37016924408E9
1370169244409;1.370169244247E9
1370169244518;1.37016924451E9
1370169244729;1.370169244519E9
1370169244884;1.370169244821E9
1370169244912;1.370169244903E9
1370169244975;1.370169244941E9
1370169244998;1.370169244989E9
1370169245182;1.37016924514E9
1370169245209;1.370169245087E9
1370169245433;1.370169245354E9
1370169245538;1.370169245402E9
1370169245744;1.370169245668E9
1370169245814;1.370169245577E9
1370169246085;1.370169246078E9
1370169246127;1.370169246116E9
1370169246309;1.370169246233E9
1370169246384;1.370169246366E9
1370169246433;1.37016924637E9
1370169246909;1.370169246787E9
1370169247079;1.37016924707E9
1370169247154;1.370169246931E9
1370169247342;1.370169247245E9
1370169247828;1.370169247805E9
1370169248731;1.370169248703E9
1370169249687;1.370169249505E9
1370169250035;1.370169249805E9
1370169250246;1.37016925018E9
1370169250252;1.370169249915E9
1370169250491;1.37016925049E9
1370169250664;1.370169250629E9
1370169250872;1.370169250834E9
1370169250933;1.370169250816E9
1370169251293;1.370169251267E9
1370169251407;1.370169251319E9
1370169251664;1.370169251537E9
1370169251791;1.37016925153E9
1370169251824;1.370169251681E9
1370169252165;1.370169252132E9
1370169252321;1.370169251928E9
1370169252459;1.370169252195E9
1370169252995;1.370169252994E9
1370169253013;1.370169252754E9
1370169253254;1.370169252312E9
1370169253336;1.370169252523E9
1370169253458;1.370169252766E9
1370169253491;1.370169253261E9
1370169253501;1.370169253159E9
1370169253988;1.370169253346E9
1370169254004;1.370169253532E9
1370169254216;1.370169254045E9
1370169254347;1.370169254221E9
1370169254367;1.370169254249E9
1370169254420;1.370169253909E9
1370169254431;1.37016925402E9
1370169254534;1.370169254421E9
1370169254608;1.370169254562E9
1370169254817;1.370169254777E9
1370169254946;1.370169254941E9
1370169255268;1.37016925525E9
1370169255348;1.370169255337E9
1370169255681;1.370169255606E9
1370169256010;1.370169255458E9
1370169256088;1.370169255222E9
1370169256291;1.370169256178E9
1370169256532;1.370169256141E9
1370169256590;1.370169256377E9
1370169256613;1.370169255691E9
1370169256617;1.370169255709E9
1370169257404;1.370169256745E9
1370169257435;1.370169257319E9
1370169257459;1.370169257095E9
1370169257562;1.370169257172E9
1370169258160;1.370169258157E9
1370169258324;1.370169258319E9
1370169258520;1.370169258459E9
1370169258821;1.370169258755E9
1370169258942;1.37016925869E9
1370169259366;1.370169258775E9
1370169259499;1.370169258912E9
1370169259604;1.370169259024E9
1370169259852;1.370169259746E9
1370169259939;1.370169259924E9
1370169260231;1.370169259369E9
1370169260290;1.370169260052E9
1370169260538;1.370169260421E9
1370169260669;1.370169260141E9
1370169261182;1.370169260483E9
1370169261228;1.370169261175E9
1370169261268;1.37016926125E9
1370169261296;1.37016926125E9
1370169261380;1.370169260204E9
1370169261405;1.370169260951E9
1370169261690;1.370169261592E9
1370169262231;1.370169262209E9
1370169262719;1.370169262625E9
1370169262768;1.370169262654E9
1370169262770;1.370169262617E9
1370169262875;1.37016926281E9
1370169263768;1.370169263578E9
1370169263831;1.370169263671E9
1370169264754;1.370169264737E9
1370169264879;1.370169264867E9
1370169265192;1.370169265007E9
1370169265426;1.370169265172E9
1370169265462;1.370169265443E9
1370169265480;1.370169265386E9
1370169265727;1.370169265391E9
1370169265896;1.370169265804E9
1370169266120;1.370169265741E9
1370169266203;1.370169265817E9
1370169266345;1.370169265938E9
1370169266434;1.370169266244E9
1370169266666;1.370169266212E9
1370169266817;1.370169266458E9
1370169267016;1.370169266976E9
1370169267148;1.370169267033E9
1370169267588;1.37016926735E9
1370169267622;1.370169267388E9
1370169267677;1.370169267591E9
1370169267709;1.370169267529E9
1370169268116;1.370169267917E9
1370169268150;1.370169267852E9
1370169268214;1.370169268013E9
1370169268307;1.370169267892E9
1370169268337;1.370169267884E9
1370169268384;1.370169268118E9
1370169268595;1.370169268443E9
1370169268619;1.370169268427E9
1370169268868;1.370169268839E9
1370169269196;1.370169269092E9
1370169269289;1.370169269182E9
1370169269567;1.370169269487E9
1370169270071;1.370169270066E9
1370169270343;1.370169270214E9
1370169270413;1.370169270412E9
1370169270515;1.370169270048E9
1370169270703;1.370169270046E9
1370169270915;1.370169270151E9
1370169271139;1.370169270579E9
1370169271339;1.370169270591E9
1370169271470;1.370169271357E9
1370169271492;1.370169271181E9
1370169271507;1.370169270788E9
1370169271549;1.370169271141E9
1370169272031;1.3701692718E9
1370169272126;1.370169271392E9
1370169272257;1.370169271742E9
1370169272291;1.370169271985E9
1370169272382;1.370169272096E9
1370169272872;1.370169272652E9
1370169273563;1.370169273519E9
1370169273767;1.370169273581E9
1370169273910;1.37016927364E9
1370169274110;1.370169274084E9
1370169274461;1.370169274456E9
1370169274517;1.370169274333E9
1370169274739;1.37016927465E9
1370169274816;1.370169274773E9
1370169276012;1.370169275981E9
1370169276414;1.370169276327E9
1370169276570;1.370169276532E9
1370169276674;1.370169276377E9
1370169276917;1.370169276803E9
1370169276934;1.370169276839E9
1370169277034;1.370169277018E9
1370169277198;1.370169277063E9
1370169277279;1.37016927717E9
1370169277368;1.370169277174E9
1370169277789;1.370169277447E9
1370169277963;1.370169277544E9
1370169278652;1.370169278402E9
1370169278699;1.370169278492E9
1370169278746;1.370169278371E9
1370169278824;1.370169278677E9
1370169279075;1.370169278673E9
1370169279144;1.370169279123E9
1370169279418;1.370169279346E9
1370169279564;1.370169279308E9
1370169279591;1.370169279589E9
1370169279641;1.370169279434E9
1370169279649;1.370169279438E9
1370169279673;1.370169278787E9
1370169279887;1.370169279754E9
1370169280040;1.370169279842E9
1370169280208;1.370169279965E9
1370169280258;1.3701692796E9
1370169280898;1.370169280888E9
1370169281205;1.370169281179E9
1370169281544;1.370169281504E9
1370169281941;1.370169281938E9
1370169281965;1.37016928173E9
1370169282100;1.370169282093E9
1370169282405;1.370169282404E9
1370169282461;1.370169282076E9
1370169282476;1.370169282257E9
1370169282497;1.370169282317E9
1370169282870;1.370169282584E9
1370169283194;1.370169282732E9
1370169283448;1.370169283125E9
1370169283457;1.370169283264E9
1370169283662;1.370169283081E9
1370169283673;1.37016928316E9
1370169283695;1.370169282302E9
1370169283770;1.370169283177E9
1370169283906;1.370169283519E9
1370169284703;1.370169284578E9
1370169285064;1.370169284333E9
1370169285254;1.370169285151E9
1370169285277;1.370169285036E9
1370169285326;1.370169284304E9
1370169285514;1.370169285502E9
1370169285844;1.370169285691E9
1370169286913;1.370169286498E9
1370169287193;1.370169287022E9
1370169287251;1.370169286844E9
1370169287264;1.370169285747E9
1370169287502;1.370169285784E9
1370169287770;1.370169286949E9
1370169287844;1.370169287666E9
1370169287971;1.370169285458E9
1370169288094;1.370169288025E9
1370169288792;1.370169288784E9
1370169289030;1.370169288936E9
1370169289391;1.370169289073E9
1370169289493;1.370169289249E9
1370169290228;1.370169290208E9
1370169290468;1.370169290361E9
1370169290574;1.370169290493E9
1370169291008;1.370169290891E9
1370169291622;1.370169291238E9
1370169291751;1.370169290956E9
1370169291754;1.370169291052E9
1370169292444;1.37016929152E9
1370169292473;1.370169291763E9
1370169292687;1.370169290997E9
1370169292823;1.370169290912E9
1370169292850;1.370169290623E9
1370169292992;1.370169292121E9
1370169293044;1.370169290992E9
1370169293051;1.37016929281E9
1370169293107;1.370169292977E9
1370169293331;1.370169293309E9
1370169293537;1.370169293281E9
1370169293661;1.370169293562E9
1370169293670;1.37016929348E9
1370169293741;1.370169293624E9
1370169293912;1.370169293823E9
1370169294009;1.370169294004E9
1370169294321;1.370169294301E9
1370169294531;1.370169294325E9
1370169294538;1.370169294538E9
1370169294586;1.370169294234E9
1370169295274;1.370169295222E9
1370169295362;1.370169295263E9
1370169295550;1.370169295436E9
1370169295565;1.370169295524E9
1370169295738;1.370169295725E9
1370169296041;1.370169295882E9
1370169296273;1.370169296149E9
1370169296306;1.370169296206E9
1370169296505;1.370169296182E9
1370169296788;1.370169296664E9
1370169296871;1.370169296811E9
1370169296889;1.370169296739E9
1370169297176;1.370169297127E9
1370169297280;1.370169297026E9
1370169297629;1.370169297345E9
1370169298069;1.370169298002E9
1370169298426;1.370169297773E9
1370169298447;1.370169298104E9
1370169298984;1.370169298894E9
1370169299136;1.370169298985E9
1370169299303;1.370169299193E9
1370169299340;1.370169299041E9
1370169299415;1.370169299389E9
1370169299986;1.370169299981E9
1370169300292;1.37016930021E9
1370169300381;1.37016930024E9
1370169300691;1.370169300679E9
1370169300832;1.370169300828E9
1370169300962;1.370169300961E9
1370169301018;1.370169301006E9
1370169301265;1.370169301254E9
1370169301441;1.370169301441E9
1370169301486;1.370169301444E9
1370169301495;1.370169301488E9
1370169301528;1.37016930152E9
1370169301676;1.370169301655E9
1370169301697;1.370169301496E9
1370169301733;1.370169301638E9
1370169301806;1.370169301715E9
1370169302123;1.370169302068E9
1370169302359;1.370169302345E9
1370169302441;1.370169302384E9
1370169302613;1.370169302561E9
1370169302698;1.370169302694E9
1370169302898;1.370169302897E9
1370169303131;1.370169302836E9
1370169303184;1.370169303015E9
1370169303250;1.370169303227E9
1370169303334;1.370169303277E9
1370169303474;1.370169303292E9
1370169303535;1.370169303479E9
1370169303667;1.370169303662E9
1370169303768;1.370169303763E9
1370169303996;1.370169303981E9
1370169304018;1.370169303998E9
1370169304096;1.370169304044E9
1370169304382;1.370169304293E9
1370169304580;1.370169304352E9
1370169304936;1.370169304806E9
1370169305172;1.370169304656E9
1370169305203;1.370169305198E9
1370169305298;1.370169305228E9
1370169305474;1.370169305208E9
1370169305607;1.370169305343E9
1370169305652;1.37016930565E9
1370169305670;1.370169305653E9
1370169305786;1.370169305747E9
1370169305966;1.370169305762E9
1370169306054;1.370169305793E9
1370169306137;1.370169306111E9
1370169306138;1.370169305983E9
1370169306774;1.37016930676E9
1370169306949;1.370169306764E9
1370169307020;1.370169306898E9
1370169307944;1.370169307889E9
1370169307981;1.370169307961E9
1370169308252;1.370169308182E9
1370169308792;1.370169308787E9
1370169308798;1.370169308605E9
1370169308836;1.370169308588E9
1370169308942;1.370169308805E9
1370169309030;1.370169308994E9
1370169309315;1.370169309266E9
1370169309825;1.37016930981E9
1370169309853;1.370169309848E9
1370169310103;1.370169310021E9
1370169310278;1.370169310222E9
1370169310367;1.370169310315E9
1370169310499;1.370169310496E9
1370169310574;1.370169310464E9
1370169310603;1.370169310376E9
1370169310625;1.37016931055E9
1370169310675;1.370169310635E9
1370169311006;1.370169310993E9
1370169311100;1.370169311007E9
1370169311146;1.370169311129E9
1370169311273;1.370169311254E9
1370169311348;1.370169311343E9
1370169311385;1.370169311369E9
1370169311528;1.370169311492E9
1370169311711;1.370169311547E9
1370169311877;1.370169311623E9
1370169312167;1.370169312037E9
1370169312206;1.370169311654E9
1370169312250;1.370169311499E9
1370169312367;1.370169312252E9
1370169312974;1.370169312454E9
1370169313019;1.370169312717E9
1370169313083;1.370169313052E9
1370169313206;1.370169313026E9
1370169313208;1.370169311954E9
1370169313715;1.370169313622E9
1370169313827;1.370169313478E9
1370169313895;1.370169313829E9
1370169314374;1.370169314063E9
1370169314997;1.370169314614E9
1370169315113;1.370169315104E9
1370169315476;1.370169314667E9
1370169315490;1.370169314724E9
1370169316316;1.370169315836E9
1370169316376;1.370169316036E9
1370169316376;1.370169314559E9
1370169316504;1.370169315716E9
1370169316898;1.370169316714E9
1370169317472;1.370169317377E9
1370169317667;1.370169317404E9
1370169317688;1.370169317324E9
1370169317791;1.370169317724E9
1370169317809;1.370169317257E9
1370169318219;1.370169318115E9
1370169318364;1.370169317999E9
1370169319020;1.37016931827E9
1370169319248;1.370169319243E9
1370169319275;1.370169319024E9
1370169319282;1.37016931851E9
1370169319334;1.37016931867E9
1370169319546;1.370169319473E9
1370169319618;1.370169319444E9
1370169319751;1.370169319619E9
1370169320051;1.370169320031E9
1370169320147;1.370169320104E9
1370169320643;1.370169320503E9
1370169320773;1.370169320445E9
1370169320812;1.370169320745E9
1370169321082;1.370169320875E9
1370169321120;1.370169321107E9
1370169321379;1.37016932137E9
1370169321685;1.37016932162E9
1370169322043;1.370169321809E9
1370169322152;1.3701693218E9
1370169322232;1.370169322199E9
1370169322633;1.370169322633E9
1370169323030;1.370169322236E9
1370169323312;1.370169323057E9
1370169323341;1.370169321978E9
1370169323491;1.370169323166E9
1370169323529;1.370169322523E9
1370169323987;1.370169323964E9
1370169324407;1.370169324392E9
1370169324620;1.370169324546E9
1370169325257;1.370169325256E9
1370169325281;1.370169325083E9
1370169325569;1.370169325552E9
1370169326263;1.370169326123E9
1370169326284;1.370169325569E9
1370169326297;1.370169325575E9
1370169326395;1.370169326333E9
1370169326521;1.370169326447E9
1370169326656;1.370169325826E9
1370169326769;1.370169326769E9
1370169326894;1.370169326767E9
1370169327022;1.370169327004E9
1370169327113;1.370169326928E9
1370169327192;1.37016932719E9
1370169327737;1.370169327613E9
1370169327911;1.370169327649E9
1370169328192;1.370169327902E9
1370169328542;1.370169328417E9
1370169328867;1.370169328596E9
1370169329202;1.370169329136E9
1370169329397;1.370169329395E9
1370169329427;1.370169329426E9
1370169329446;1.370169329445E9
1370169329458;1.370169329413E9
1370169329547;1.370169329542E9
1370169329625;1.370169329614E9
1370169329710;1.370169329684E9
1370169329877;1.370169329737E9
1370169330268;1.37016933023E9
1370169330361;1.370169330302E9
1370169330500;1.37016933042E9
1370169330668;1.370169330633E9
1370169331075;1.37016933093E9
1370169331087;1.370169329724E9
1370169331146;1.370169330629E9
1370169331148;1.370169330913E9
1370169331229;1.370169329717E9
1370169331311;1.370169330003E9
1370169331661;1.370169331425E9
1370169333009;1.370169332916E9
1370169333098;1.370169332942E9
1370169333400;1.37016933337E9
1370169333677;1.370169333641E9
1370169333691;1.370169333326E9
1370169334896;1.370169334816E9
1370169334964;1.37016933479E9
1370169335113;1.370169335094E9
1370169335179;1.370169334841E9
1370169335210;1.370169334938E9
1370169335468;1.37016933543E9
1370169335857;1.370169335592E9
1370169335886;1.370169335728E9
1370169336064;1.370169335913E9
1370169336082;1.370169335738E9
1370169336208;1.370169336159E9
1370169336646;1.370169336485E9
1370169336687;1.370169336316E9
1370169336710;1.370169336385E9
1370169336781;1.370169336759E9
1370169336851;1.370169336831E9
1370169336916;1.370169336895E9
1370169337228;1.370169337014E9
1370169337290;1.370169337283E9
1370169337545;1.370169337519E9
1370169337600;1.370169337585E9
1370169337860;1.370169337736E9
1370169337898;1.3701693378E9
1370169337906;1.370169337891E9
1370169337986;1.370169337977E9
1370169338152;1.370169338094E9
1370169338208;1.370169338156E9
1370169338458;1.37016933843E9
1370169338693;1.370169338592E9
1370169338954;1.370169338918E9
1370169339016;1.370169338921E9
1370169339312;1.370169339307E9
1370169339372;1.37016933934E9
1370169340012;1.370169339656E9
1370169340745;1.370169340713E9
1370169340803;1.370169340646E9
1370169340813;1.370169340608E9
1370169340903;1.370169340657E9
1370169341215;1.37016934101E9
1370169341276;1.370169341027E9
1370169341564;1.3701693411E9
1370169341589;1.370169341163E9
1370169341623;1.370169341601E9
1370169341985;1.370169341737E9
1370169342394;1.370169342163E9
1370169342643;1.370169342494E9
1370169342873;1.370169342868E9
1370169343031;1.370169342775E9
1370169343495;1.370169343412E9
1370169343583;1.370169343346E9
1370169344836;1.370169344773E9
1370169344919;1.370169344909E9
1370169345022;1.370169344878E9
1370169345048;1.370169345025E9
1370169345208;1.370169345114E9
1370169345548;1.370169345441E9
1370169345575;1.370169345574E9
1370169345894;1.37016934558E9
1370169346138;1.37016934588E9
1370169346509;1.370169346379E9
1370169346543;1.370169346517E9
1370169346658;1.370169346614E9
1370169347039;1.370169346919E9
1370169347084;1.37016934697E9
1370169347122;1.370169347091E9
1370169347168;1.370169347134E9
1370169347292;1.370169347273E9
1370169347587;1.37016934725E9
1370169347671;1.370169347442E9
1370169347736;1.370169347264E9
1370169347873;1.370169347848E9
1370169348715;1.370169348358E9
1370169348955;1.370169348686E9
1370169349059;1.370169348583E9
1370169349112;1.37016934897E9
1370169349317;1.370169348509E9
1370169349341;1.370169348138E9
1370169349410;1.370169349217E9
1370169349485;1.370169349366E9
1370169349990;1.370169349989E9
1370169350056;1.370169349863E9
1370169350066;1.37016934986E9
1370169350395;1.370169350239E9
1370169351040;1.370169350571E9
1370169351103;1.370169350282E9
1370169351276;1.370169351177E9
1370169351439;1.370169351127E9
1370169351475;1.370169351056E9
1370169351677;1.370169351539E9
1370169351955;1.37016935194E9
1370169352183;1.370169352077E9
1370169352274;1.370169352063E9
1370169352306;1.370169351989E9
1370169352575;1.370169352549E9
1370169352923;1.370169352867E9
1370169353015;1.370169353001E9
1370169353816;1.370169353478E9
1370169353996;1.370169353486E9
1370169354118;1.370169354094E9
1370169354408;1.370169354324E9
1370169354668;1.370169354655E9
1370169354783;1.37016935475E9
1370169354936;1.370169354704E9
1370169355011;1.37016935472E9
1370169355564;1.370169355388E9
1370169355876;1.370169355152E9
1370169355906;1.370169355746E9
1370169355915;1.370169355889E9
1370169355947;1.370169355054E9
1370169356743;1.370169356634E9
1370169357104;1.370169357081E9
1370169357482;1.37016935736E9
1370169357563;1.370169357339E9
1370169357599;1.370169357116E9
1370169357679;1.370169357657E9
1370169357850;1.370169357644E9
1370169357901;1.370169357843E9
1370169358048;1.37016935792E9
1370169358121;1.37016935812E9
1370169358290;1.370169358063E9
1370169358357;1.370169358323E9
1370169358391;1.370169358371E9
1370169358539;1.370169358477E9
1370169358896;1.370169358847E9
1370169358974;1.370169358881E9
1370169359500;1.370169359452E9
1370169359666;1.370169359551E9
1370169359720;1.370169359644E9
1370169359744;1.370169359578E9
1370169359997;1.370169359922E9
1370169360317;1.370169360181E9
1370169360473;1.370169359749E9
1370169360856;1.370169360764E9
1370169360872;1.370169360734E9
1370169361109;1.370169360961E9
1370169361193;1.370169361192E9
1370169361571;1.37016936103E9
1370169361775;1.370169361507E9
1370169361778;1.370169361264E9
1370169361913;1.370169361842E9
1370169362094;1.370169361614E9
1370169362159;1.37016936215E9
1370169362161;1.37016936192E9
1370169362444;1.370169362164E9
1370169362490;1.370169362477E9
1370169362544;1.37016936249E9
1370169362568;1.370169362559E9
1370169363041;1.370169363023E9
1370169363054;1.370169362834E9
1370169363059;1.370169362987E9
1370169363187;1.370169363089E9
1370169363409;1.370169363086E9
1370169363552;1.370169363452E9
1370169363574;1.370169363515E9
1370169363666;1.370169363219E9
1370169363848;1.370169363833E9
1370169364177;1.370169364068E9
1370169364219;1.370169364116E9
1370169364609;1.370169364402E9
1370169364615;1.370169364521E9
1370169364712;1.370169364664E9
1370169364894;1.370169364677E9
1370169365193;1.370169364866E9
1370169365202;1.370169365012E9
1370169365553;1.370169365275E9
1370169365580;1.370169365363E9
1370169365638;1.370169364863E9
1370169365702;1.370169365409E9
1370169365749;1.370169365653E9
1370169366080;1.370169366078E9
1370169366112;1.370169366105E9
1370169366261;1.370169366007E9
1370169366737;1.370169366511E9
1370169366761;1.370169366538E9
1370169366914;1.370169366785E9
1370169367291;1.370169366897E9
1370169367303;1.370169367245E9
1370169367325;1.370169366188E9
1370169367578;1.37016936755E9
1370169367722;1.3701693677E9
1370169367751;1.370169367511E9
1370169368106;1.37016936802E9
1370169368274;1.370169368274E9
1370169368359;1.370169368356E9
1370169368585;1.370169368443E9
1370169368649;1.370169368569E9
1370169368679;1.370169368636E9
1370169368846;1.370169368805E9
1370169369574;1.370169369029E9
1370169369809;1.370169369676E9
1370169369815;1.370169369446E9
1370169369886;1.370169369873E9
1370169370110;1.37016937007E9
1370169370120;1.370169370113E9
1370169370201;1.370169370199E9
1370169370447;1.370169370302E9
1370169370453;1.3701693703E9
1370169370768;1.370169370611E9
1370169370778;1.370169370642E9
1370169371011;1.370169370938E9
1370169371104;1.37016937087E9
1370169371550;1.37016937152E9
1370169371574;1.370169371531E9
1370169371910;1.370169371893E9
1370169372022;1.370169371837E9
1370169372029;1.370169371818E9
1370169372392;1.370169372272E9
1370169372713;1.370169372675E9
1370169372983;1.370169372963E9
1370169373389;1.37016937338E9
1370169373741;1.370169373536E9
1370169373744;1.370169373704E9
1370169374294;1.370169374282E9
1370169374452;1.370169374363E9
1370169374590;1.37016937449E9
1370169374835;1.370169374785E9
1370169374963;1.370169374801E9
1370169375333;1.370169374997E9
1370169375413;1.370169375062E9
1370169375486;1.370169375093E9
1370169375643;1.370169375584E9
1370169375854;1.370169375852E9
1370169375865;1.370169375717E9
1370169375985;1.370169375888E9
1370169376361;1.370169376279E9
1370169376606;1.370169376411E9
1370169376761;1.37016937647E9
1370169377127;1.370169377046E9
1370169377181;1.370169377111E9
1370169377251;1.37016937725E9
1370169377277;1.370169377208E9
1370169377338;1.370169377297E9
1370169377660;1.37016937766E9
1370169377833;1.370169377778E9
1370169377858;1.370169377827E9
1370169378300;1.370169378219E9
1370169378839;1.370169378422E9
1370169379005;1.370169378982E9
1370169379034;1.370169378994E9
1370169379412;1.370169379288E9
1370169379459;1.370169379273E9
1370169379510;1.370169379495E9
1370169379752;1.370169379708E9
1370169379779;1.370169379615E9
1370169379931;1.3701693798E9
1370169379963;1.370169379828E9
1370169379984;1.370169379785E9
1370169380581;1.370169380576E9
1370169380610;1.370169380129E9
1370169380775;1.370169380339E9
1370169380883;1.370169380616E9
1370169381033;1.37016938096E9
1370169381183;1.370169381051E9
1370169381403;1.37016938138E9
1370169381876;1.370169381719E9
1370169381959;1.370169381894E9
1370169382007;1.370169382006E9
1370169382065;1.370169382025E9
1370169382480;1.37016938243E9
1370169382690;1.370169382576E9
1370169382930;1.370169382519E9
1370169383092;1.370169382501E9
1370169383711;1.37016938351E9
1370169383855;1.370169383496E9
1370169384214;1.370169383467E9
1370169384495;1.370169383843E9
1370169384608;1.370169383654E9
1370169384757;1.370169384711E9
1370169384851;1.370169384386E9
1370169384925;1.370169384904E9
1370169384935;1.370169384934E9
1370169384978;1.370169384958E9
1370169385567;1.370169385501E9
1370169385711;1.370169385604E9
1370169385910;1.370169385813E9
1370169385982;1.370169385917E9
1370169386352;1.370169386265E9
1370169386665;1.370169386274E9
1370169386775;1.370169386742E9
1370169386813;1.370169386611E9
1370169386913;1.370169386871E9
1370169386926;1.370169386917E9
1370169387431;1.370169386844E9
1370169387592;1.370169387451E9
1370169387623;1.370169387595E9
1370169387869;1.370169387779E9
1370169388005;1.370169387998E9
1370169388181;1.370169387812E9
1370169388377;1.370169388188E9
1370169388523;1.370169388038E9
1370169388619;1.370169387941E9
1370169388643;1.370169388642E9
1370169388930;1.370169388832E9
1370169389806;1.370169389159E9
1370169389819;1.370169389418E9
1370169389960;1.370169389466E9
1370169390853;1.370169390344E9
1370169390909;1.370169390165E9
1370169390981;1.37016939062E9
1370169391046;1.370169389901E9
1370169391119;1.370169389375E9
1370169391377;1.370169391347E9
1370169391440;1.370169391255E9
1370169391698;1.370169391606E9
1370169391766;1.370169391766E9
1370169392032;1.37016939165E9
1370169392076;1.370169391995E9
1370169392114;1.370169392084E9
1370169392321;1.370169392232E9
1370169392322;1.370169392309E9
1370169392716;1.370169392549E9
1370169392866;1.370169392479E9
1370169392958;1.370169392649E9
1370169393469;1.370169393353E9
1370169393508;1.370169393411E9
1370169393848;1.370169393835E9
1370169394037;1.370169394019E9
1370169394191;1.370169394076E9
1370169394638;1.370169394547E9
1370169394925;1.370169394924E9
1370169395071;1.37016939477E9
1370169395183;1.370169394834E9
1370169395271;1.370169395266E9
1370169395647;1.370169395644E9
1370169395773;1.370169395642E9
1370169396541;1.370169396104E9
1370169396547;1.370169396381E9
1370169396566;1.370169396511E9
1370169396898;1.370169396848E9
1370169397058;1.370169397034E9
1370169397074;1.370169397038E9
1370169397970;1.370169397777E9
1370169398127;1.370169398081E9
1370169398170;1.370169398018E9
1370169398533;1.37016939853E9
1370169399261;1.370169398863E9
1370169399358;1.370169399336E9
1370169399722;1.370169399644E9
1370169399831;1.370169399798E9
1370169399836;1.370169399835E9
1370169399944;1.370169399927E9
1370169399955;1.370169399933E9
1370169400295;1.370169400249E9
1370169400593;1.370169400513E9
1370169400607;1.370169400557E9
1370169400932;1.370169400653E9
1370169401562;1.370169401261E9
1370169401628;1.37016940115E9
1370169401720;1.370169401231E9
1370169401905;1.370169400962E9
1370169401913;1.370169401649E9
1370169402492;1.370169402023E9
1370169402772;1.370169402578E9
1370169402879;1.370169402785E9
1370169403125;1.37016940307E9
1370169403174;1.370169402954E9
1370169403387;1.370169403382E9
1370169404704;1.370169404085E9
1370169404742;1.370169404481E9
1370169404787;1.370169404098E9
1370169404851;1.370169403969E9
1370169405099;1.370169405037E9
1370169405187;1.370169405186E9
1370169405553;1.370169405338E9
1370169405659;1.370169405617E9
1370169405791;1.370169405746E9
1370169406028;1.370169405675E9
1370169406118;1.370169405896E9
1370169406213;1.370169406121E9
1370169406631;1.370169406468E9
1370169406670;1.370169405792E9
1370169406767;1.370169406283E9
1370169406830;1.370169406825E9
1370169406888;1.370169406715E9
1370169407103;1.370169407095E9
1370169407574;1.370169407367E9
1370169407637;1.370169407419E9
1370169407777;1.370169407654E9
1370169407798;1.370169407783E9
1370169407825;1.37016940782E9
1370169408080;1.370169408022E9
1370169408266;1.370169408074E9
1370169408668;1.370169408589E9
1370169408885;1.370169408796E9
1370169409143;1.370169409004E9
1370169409210;1.370169409158E9
1370169409222;1.370169409098E9
1370169409782;1.370169409762E9
1370169409920;1.370169409903E9
1370169410103;1.37016941007E9
1370169410297;1.37016941024E9
1370169410707;1.370169410628E9
1370169411005;1.370169410826E9
1370169411246;1.370169411218E9
1370169411304;1.370169411103E9
1370169411422;1.370169411256E9
1370169411901;1.370169411713E9
1370169412006;1.370169411954E9
1370169412625;1.370169412617E9
1370169412668;1.370169412302E9
1370169412746;1.370169412725E9
1370169413273;1.370169413147E9
1370169413501;1.3701694135E9
1370169413612;1.370169413363E9
1370169413993;1.370169413904E9
1370169414115;1.370169413944E9
1370169414228;1.370169414215E9
1370169414402;1.370169414025E9
1370169414414;1.370169414358E9
1370169415344;1.370169415093E9
1370169415557;1.370169415505E9
1370169415713;1.37016941564E9
1370169415751;1.370169415389E9
1370169415872;1.370169415734E9
1370169416173;1.370169415507E9
1370169416479;1.370169416175E9
1370169416502;1.370169416343E9
1370169416999;1.37016941693E9
1370169417233;1.370169417198E9
1370169417244;1.37016941717E9
1370169417454;1.370169417436E9
1370169417521;1.37016941752E9
1370169417560;1.37016941748E9
1370169417603;1.370169417513E9
1370169417671;1.370169417633E9
1370169417800;1.37016941746E9
1370169418099;1.370169417749E9
1370169418134;1.370169417973E9
1370169418417;1.370169418354E9
1370169418544;1.370169418191E9
1370169418699;1.370169418699E9
1370169418733;1.370169418723E9
1370169419330;1.370169419312E9
1370169419637;1.370169419497E9
1370169419996;1.370169419988E9
1370169420156;1.370169420122E9
1370169420178;1.370169420059E9
1370169420284;1.370169420271E9
1370169420647;1.370169420538E9
1370169420820;1.370169420695E9
1370169421053;1.370169420988E9
1370169421830;1.370169421505E9
1370169421963;1.370169421797E9
1370169422004;1.370169421772E9
1370169422086;1.370169421614E9
1370169422223;1.370169422174E9
1370169422331;1.370169422138E9
1370169422733;1.37016942271E9
1370169422886;1.370169422886E9
1370169423077;1.37016942278E9
1370169423293;1.370169423273E9
1370169423778;1.370169423675E9
1370169423848;1.37016942372E9
1370169424051;1.370169424021E9
1370169424088;1.370169424077E9
1370169424150;1.370169423594E9
1370169424152;1.370169423915E9
1370169424383;1.37016942414E9
1370169424475;1.370169424398E9
1370169424557;1.370169424421E9
1370169424665;1.370169423934E9
1370169424893;1.370169423918E9
1370169425033;1.370169425012E9
1370169425345;1.370169425083E9
1370169425487;1.370169425385E9
1370169425603;1.370169425444E9
1370169425758;1.370169425635E9
1370169425848;1.370169425736E9
1370169425894;1.370169425766E9
1370169425987;1.370169425882E9
1370169425995;1.370169425716E9
1370169426007;1.370169425855E9
1370169426365;1.370169426207E9
1370169426533;1.370169426465E9
1370169427258;1.37016942722E9
1370169427352;1.370169427073E9
1370169427462;1.370169426761E9
1370169427509;1.370169427486E9
1370169427616;1.370169427552E9
1370169428586;1.370169428166E9
1370169428599;1.37016942805E9
1370169428718;1.370169428494E9
1370169428984;1.370169428838E9
1370169429089;1.370169429081E9
1370169429167;1.370169428918E9
1370169429421;1.370169429329E9
1370169429523;1.370169429459E9
1370169429761;1.370169429743E9
1370169429925;1.370169429879E9
1370169430029;1.370169429926E9
1370169430032;1.370169429609E9
1370169430736;1.370169429615E9
1370169430861;1.370169430802E9
1370169431322;1.370169431295E9
1370169431415;1.37016943141E9
1370169431722;1.370169431608E9
1370169432032;1.370169431467E9
1370169432298;1.370169431581E9
1370169432410;1.37016943183E9
1370169432459;1.370169432115E9
1370169432792;1.370169432234E9
1370169432836;1.370169432568E9
1370169433010;1.370169432552E9
1370169433088;1.370169432778E9
1370169433408;1.37016943304E9
1370169433563;1.370169432951E9
1370169433646;1.370169433641E9
1370169433883;1.370169433267E9
1370169434261;1.370169434185E9
1370169434390;1.370169434389E9
1370169435100;1.370169435055E9
1370169435188;1.370169435118E9
1370169435400;1.370169435348E9
1370169435492;1.37016943543E9
1370169435508;1.370169435503E9
1370169435761;1.370169435514E9
1370169435953;1.370169435535E9
1370169436045;1.370169435767E9
1370169436470;1.370169436113E9
1370169437348;1.370169436519E9
1370169437453;1.370169437428E9
1370169437510;1.370169437402E9
1370169437906;1.370169437842E9
1370169438212;1.370169437934E9
1370169438346;1.370169438282E9
1370169439070;1.370169439038E9
1370169439375;1.370169439235E9
1370169439462;1.370169439446E9
1370169439707;1.370169439527E9
1370169439711;1.370169439477E9
1370169439927;1.370169439787E9
1370169440197;1.370169440174E9
1370169440638;1.370169440582E9
1370169440708;1.37016944051E9
1370169440715;1.370169440543E9
1370169441268;1.370169440841E9
1370169441596;1.370169440943E9
1370169441833;1.370169441051E9
1370169441972;1.370169440845E9
1370169442028;1.370169442018E9
1370169442074;1.370169442029E9
1370169442100;1.370169442004E9
1370169442195;1.370169441519E9
1370169442262;1.370169442212E9
1370169442321;1.370169442249E9
1370169442866;1.370169442636E9
1370169442900;1.370169442241E9
1370169442975;1.370169442415E9
1370169443056;1.3701694424E9
1370169443685;1.370169443551E9
1370169443894;1.370169443541E9
1370169444092;1.370169443994E9
1370169444196;1.370169444144E9
1370169444247;1.370169444238E9
1370169444468;1.37016944422E9
1370169444532;1.370169444374E9
1370169444542;1.370169444329E9
1370169444559;1.370169444231E9
1370169444856;1.37016944483E9
1370169444932;1.370169444911E9
1370169445530;1.370169445331E9
1370169445829;1.370169445658E9
1370169445931;1.370169445623E9
1370169446493;1.370169446453E9
1370169447065;1.37016944698E9
1370169447480;1.370169447255E9
1370169448292;1.370169448268E9
1370169448339;1.370169448318E9
1370169448384;1.370169448354E9
1370169448634;1.370169448454E9
1370169448717;1.370169448717E9
1370169448733;1.370169448669E9
1370169449140;1.370169449125E9
1370169449402;1.37016944935E9
1370169449525;1.37016944937E9
1370169449585;1.370169449529E9
1370169449712;1.370169449542E9
1370169450115;1.370169449638E9
1370169450221;1.370169449497E9
1370169450314;1.370169449792E9
1370169450416;1.370169449915E9
1370169450485;1.370169450214E9
1370169450575;1.370169450486E9
1370169450581;1.370169449606E9
1370169451402;1.370169451382E9
1370169451508;1.370169451462E9
1370169451900;1.370169451569E9
1370169452073;1.370169451757E9
1370169452267;1.370169452234E9
1370169452901;1.370169452829E9
1370169453289;1.370169453137E9
1370169453372;1.370169453367E9
1370169453884;1.370169453716E9
1370169453909;1.370169453162E9
1370169453967;1.37016945375E9
1370169454008;1.370169453993E9
1370169454226;1.370169454221E9
1370169454523;1.370169454426E9
1370169454582;1.37016945434E9
1370169455039;1.370169455001E9
1370169455315;1.3701694553E9
1370169455362;1.370169455361E9
1370169455425;1.370169455425E9
1370169455746;1.370169455329E9
1370169455991;1.370169455346E9
1370169456166;1.370169456111E9
1370169456183;1.37016945612E9
1370169456190;1.370169455921E9
1370169456417;1.370169456412E9
1370169456541;1.370169456488E9
1370169456840;1.370169456495E9
1370169456951;1.37016945668E9
1370169457156;1.370169456232E9
1370169457748;1.370169455756E9
1370169457796;1.370169457795E9
1370169458182;1.370169457846E9
1370169458304;1.370169456914E9
1370169458307;1.370169458171E9
1370169458469;1.370169458317E9
1370169458745;1.37016945858E9
1370169458751;1.370169458591E9
1370169458933;1.370169458685E9
1370169459051;1.370169459E9
1370169459123;1.370169459056E9
1370169459290;1.370169458888E9
1370169460245;1.370169460053E9
1370169460954;1.370169460901E9
1370169461021;1.370169460939E9
1370169461296;1.370169461276E9
1370169461632;1.370169461355E9
1370169461640;1.370169461379E9
1370169461867;1.370169461858E9
1370169461897;1.370169461728E9
1370169461937;1.370169461882E9
1370169462058;1.370169461944E9
1370169462518;1.370169462254E9
1370169462586;1.370169462586E9
1370169462625;1.370169462557E9
1370169463162;1.370169463041E9
1370169463182;1.370169463112E9
1370169463713;1.370169463641E9
1370169464070;1.370169464069E9
1370169464343;1.37016946396E9
1370169464466;1.370169463958E9
1370169464575;1.370169464512E9
1370169464584;1.370169464442E9
1370169464752;1.370169464611E9
1370169464871;1.37016946487E9
1370169464985;1.370169464981E9
1370169465172;1.370169465081E9
1370169465289;1.370169465249E9
1370169465435;1.37016946543E9
1370169465685;1.370169465652E9
1370169465759;1.370169465754E9
1370169465798;1.37016946576E9
1370169466065;1.370169465905E9
1370169466099;1.370169465421E9
1370169466294;1.370169466202E9
1370169466336;1.370169465462E9
1370169466475;1.37016946647E9
1370169466618;1.370169466587E9
1370169466695;1.37016946663E9
1370169466858;1.370169466856E9
1370169467101;1.370169466988E9
1370169467367;1.370169467253E9
1370169467989;1.370169467725E9
1370169468139;1.370169467213E9
1370169468269;1.370169467632E9
1370169468342;1.370169467591E9
1370169468406;1.370169467262E9
1370169468455;1.370169468455E9
1370169468663;1.370169468314E9
1370169468800;1.370169468631E9
1370169469160;1.370169468961E9
1370169469375;1.370169469289E9
1370169469486;1.370169469475E9
1370169469784;1.370169469749E9
1370169470063;1.370169470063E9
1370169470067;1.370169470022E9
1370169470613;1.370169470558E9
1370169470643;1.370169470167E9
1370169470837;1.370169470287E9
1370169470966;1.370169469536E9
1370169471257;1.370169470821E9
1370169471351;1.37016947108E9
1370169471425;1.370169471414E9
1370169471444;1.370169470906E9
1370169471778;1.370169471711E9
1370169471794;1.370169471679E9
1370169471937;1.370169471806E9
1370169471953;1.370169471946E9
1370169472191;1.370169471866E9
1370169472715;1.370169472704E9
1370169473143;1.370169473118E9
1370169473286;1.370169473181E9
1370169473388;1.370169473333E9
1370169473605;1.370169473582E9
1370169473878;1.370169473662E9
1370169473954;1.370169473621E9
1370169474650;1.370169474588E9
1370169474665;1.370169474496E9
1370169474669;1.370169474668E9
1370169474827;1.370169474348E9
1370169474920;1.370169474915E9
1370169475353;1.370169475352E9
1370169475621;1.370169474996E9
1370169475641;1.370169475312E9
1370169475871;1.370169475491E9
1370169476257;1.370169475935E9
1370169476477;1.370169476467E9
1370169476751;1.370169476537E9
1370169476755;1.370169476624E9
1370169477064;1.370169476829E9
1370169477131;1.370169477086E9
1370169477132;1.370169476979E9
1370169477187;1.370169477078E9
1370169477232;1.370169477164E9
1370169477442;1.370169477257E9
1370169477502;1.370169477497E9
1370169478210;1.370169478018E9
1370169478254;1.370169478135E9
1370169478372;1.370169478142E9
1370169478411;1.37016947758E9
1370169478644;1.370169478637E9
1370169478959;1.37016947827E9
1370169478994;1.370169478161E9
1370169479000;1.370169478962E9
1370169479875;1.370169479776E9
1370169480411;1.370169480137E9
1370169480470;1.370169480248E9
1370169480537;1.370169479565E9
1370169480579;1.370169480378E9
1370169480851;1.370169480615E9
1370169480906;1.370169480751E9
1370169481528;1.370169480856E9
1370169481601;1.370169481264E9
1370169481827;1.370169481665E9
1370169481828;1.370169481711E9
1370169481867;1.370169481433E9
1370169482377;1.370169482354E9
1370169482397;1.370169482335E9
1370169482554;1.370169482527E9
1370169482734;1.370169482725E9
1370169482769;1.370169482758E9
1370169483549;1.370169483392E9
1370169483928;1.37016948366E9
1370169483970;1.370169483672E9
1370169484271;1.370169484173E9
1370169484343;1.370169484209E9
1370169484438;1.370169484396E9
1370169485334;1.370169484939E9
1370169485442;1.370169484843E9
1370169485456;1.370169485091E9
1370169485465;1.370169484794E9
1370169485528;1.370169485507E9
1370169485651;1.370169485605E9
1370169485750;1.370169485615E9
1370169485851;1.37016948585E9
1370169485982;1.370169485947E9
1370169486149;1.370169485924E9
1370169486175;1.370169486035E9
1370169486230;1.370169485995E9
1370169486359;1.370169486085E9
1370169486521;1.370169486424E9
1370169486549;1.370169486513E9
1370169486761;1.370169486665E9
1370169486762;1.370169486579E9
1370169486853;1.370169486811E9
1370169487020;1.370169486839E9
1370169487313;1.370169487288E9
1370169487463;1.370169487365E9
1370169487807;1.370169487802E9
1370169487879;1.370169487678E9
1370169487927;1.370169487926E9
1370169488092;1.370169487795E9
1370169488466;1.370169488459E9
1370169488683;1.370169488641E9
1370169488752;1.370169488579E9
1370169488869;1.370169488783E9
1370169489045;1.370169489029E9
1370169489255;1.37016948912E9
1370169489315;1.37016948916E9
1370169489413;1.370169489319E9
1370169489508;1.370169489286E9
1370169489947;1.370169489696E9
1370169490174;1.370169489782E9
1370169490222;1.370169489674E9
1370169490314;1.370169490268E9
1370169490746;1.370169490739E9
1370169490983;1.37016949092E9
1370169491929;1.370169491523E9
1370169492062;1.370169491153E9
1370169492074;1.370169491396E9
1370169492250;1.370169492134E9
1370169492270;1.370169491399E9
1370169492663;1.370169491625E9
1370169492828;1.370169491882E9
1370169492842;1.37016949237E9
1370169492872;1.370169492867E9
1370169493127;1.370169492568E9
1370169493141;1.370169492651E9
1370169493195;1.370169493188E9
1370169493213;1.370169492881E9
1370169493247;1.370169492731E9
1370169493471;1.37016949347E9
1370169493579;1.370169492597E9
1370169493957;1.370169493888E9
1370169494001;1.370169494E9
1370169494302;1.370169494222E9
1370169494399;1.370169493866E9
1370169494530;1.370169494501E9
1370169495014;1.370169494983E9
1370169495068;1.370169495053E9
1370169495255;1.37016949519E9
1370169495280;1.370169495275E9
1370169495385;1.370169495318E9
1370169495463;1.370169495437E9
1370169496123;1.370169495789E9
1370169496230;1.37016949603E9
1370169496750;1.370169496745E9
1370169497138;1.370169496958E9
1370169497827;1.370169497709E9
1370169497857;1.370169497166E9
1370169498094;1.37016949791E9
1370169498225;1.370169498164E9
1370169498356;1.370169498318E9
1370169498550;1.370169497881E9
1370169498656;1.370169498305E9
1370169498727;1.370169498722E9
1370169499027;1.370169498712E9
1370169499080;1.370169498978E9
1370169499136;1.370169499101E9
1370169499137;1.370169498584E9
1370169499871;1.370169499707E9
1370169499879;1.370169499784E9
1370169499888;1.370169499712E9
1370169499971;1.370169499856E9
1370169500270;1.370169500107E9
1370169500295;1.370169500261E9
1370169500475;1.370169500329E9
1370169500507;1.370169500155E9
1370169500512;1.370169500422E9
1370169500572;1.370169500568E9
1370169500600;1.370169500409E9
1370169500772;1.370169500684E9
1370169500996;1.370169500895E9
1370169501041;1.370169500884E9
1370169501100;1.370169501076E9
1370169501147;1.370169501119E9
1370169501325;1.370169501169E9
1370169501358;1.370169501152E9
1370169501428;1.370169501396E9
1370169501488;1.370169501455E9
1370169501607;1.370169501574E9
1370169502805;1.370169502742E9
1370169502861;1.37016950264E9
1370169503580;1.37016950349E9
1370169503582;1.370169503439E9
1370169503937;1.370169503935E9
1370169504623;1.37016950445E9
1370169504649;1.370169504127E9
1370169504753;1.370169504752E9
1370169504870;1.370169504668E9
1370169505016;1.370169504076E9
1370169505073;1.370169505043E9
1370169505280;1.370169505259E9
1370169506312;1.370169506228E9
1370169506371;1.370169506366E9
1370169506485;1.370169506298E9
1370169506774;1.370169506769E9
1370169506810;1.370169506723E9
1370169506934;1.370169506888E9
1370169507121;1.370169506981E9
1370169508125;1.370169508105E9
1370169508653;1.370169508612E9
1370169508952;1.370169508951E9
1370169509157;1.370169509036E9
1370169509347;1.370169509106E9
1370169509372;1.370169509365E9
1370169509537;1.370169509512E9
1370169509975;1.370169509901E9
1370169510072;1.370169510072E9
1370169510165;1.370169510042E9
1370169510543;1.370169510496E9
1370169510576;1.370169510561E9
1370169511105;1.370169511059E9
1370169511236;1.370169511168E9
1370169511378;1.370169511338E9
1370169511484;1.370169510994E9
1370169511699;1.370169511689E9
1370169512133;1.370169511889E9
1370169512241;1.370169512156E9
1370169512591;1.370169512202E9
1370169513287;1.37016951294E9
1370169513529;1.370169513439E9
1370169513637;1.370169512601E9
1370169513665;1.370169512865E9
1370169513689;1.370169512632E9
1370169513914;1.370169513846E9
1370169514050;1.370169513981E9
1370169514284;1.370169514262E9
1370169514496;1.37016951422E9
1370169514566;1.370169514558E9
1370169514586;1.370169514585E9
1370169514964;1.370169514939E9
1370169515068;1.370169514787E9
1370169515522;1.370169515363E9
1370169515693;1.370169515641E9
1370169515784;1.370169515357E9
1370169516068;1.370169515711E9
1370169516074;1.370169515606E9
1370169516363;1.370169516301E9
1370169516809;1.370169516581E9
1370169516856;1.370169516645E9
1370169516921;1.370169516867E9
1370169517189;1.37016951695E9
1370169517349;1.370169517243E9
1370169517350;1.370169517146E9
1370169517481;1.370169517381E9
1370169517900;1.370169517748E9
1370169517916;1.370169517855E9
1370169517993;1.370169517986E9
1370169518008;1.370169517924E9
1370169518292;1.370169518291E9
1370169518700;1.370169518561E9
1370169518915;1.370169518892E9
1370169519411;1.370169519406E9
1370169519476;1.370169519236E9
1370169519657;1.370169519489E9
1370169519839;1.370169519812E9
1370169520015;1.370169519951E9
1370169521489;1.370169521375E9
1370169521728;1.370169521066E9
1370169521961;1.370169521959E9
1370169522331;1.370169521925E9
1370169522482;1.370169521976E9
1370169522651;1.370169522473E9
1370169522746;1.370169522665E9
1370169522879;1.370169522438E9
1370169522970;1.370169522859E9
1370169523002;1.370169522998E9
1370169523024;1.370169521973E9
1370169523276;1.370169523097E9
1370169524123;1.37016952323E9
1370169524226;1.370169523574E9
1370169524445;1.370169524364E9
1370169524491;1.370169524357E9
1370169524686;1.370169524631E9
1370169524754;1.370169524617E9
1370169524790;1.370169524434E9
1370169524794;1.370169524519E9
1370169524826;1.370169524779E9
1370169524929;1.370169524655E9
1370169525198;1.370169525099E9
1370169525240;1.37016952521E9
1370169525319;1.370169525089E9
1370169525600;1.370169525595E9
1370169525686;1.37016952559E9
1370169525855;1.370169525838E9
1370169526111;1.370169526093E9
1370169526271;1.370169526262E9
1370169526379;1.37016952628E9
1370169526614;1.370169526613E9
1370169526650;1.370169526486E9
1370169526782;1.370169526763E9
1370169526865;1.37016952685E9
1370169527081;1.370169527032E9
1370169527107;1.370169527107E9
1370169527298;1.3701695271E9
1370169527522;1.370169527467E9
1370169527649;1.370169527235E9
1370169528014;1.370169527954E9
1370169528199;1.3701695278E9
1370169528427;1.370169528302E9
1370169528579;1.370169528578E9
1370169528848;1.37016952882E9
1370169528863;1.370169528851E9
1370169529224;1.370169529219E9
1370169529279;1.370169529058E9
1370169529287;1.37016952896E9
1370169529316;1.370169529292E9
1370169529459;1.370169529432E9
1370169529609;1.370169529573E9
1370169529695;1.370169529493E9
1370169530001;1.370169529976E9
1370169530064;1.370169530046E9
1370169531273;1.370169531237E9
1370169531763;1.370169531686E9
1370169531775;1.370169531773E9
1370169531808;1.370169531478E9
1370169532024;1.370169531984E9
1370169532054;1.370169532049E9
1370169532531;1.370169532407E9
1370169532702;1.370169532606E9
1370169533187;1.370169532714E9
1370169533491;1.37016953349E9
1370169533879;1.370169532786E9
1370169533898;1.370169533166E9
1370169533917;1.370169533221E9
1370169534087;1.370169534034E9
1370169534136;1.37016953398E9
1370169534302;1.370169534172E9
1370169534522;1.37016953407E9
1370169534772;1.370169534723E9
1370169535272;1.370169535252E9
1370169535509;1.370169535494E9
1370169535782;1.370169535553E9
1370169535879;1.370169535763E9
1370169535904;1.370169535773E9
1370169535935;1.370169535695E9
1370169536053;1.370169536052E9
1370169536078;1.370169535546E9
1370169536146;1.370169536037E9
1370169536210;1.37016953619E9
1370169536512;1.370169536336E9
1370169536557;1.370169536448E9
1370169536697;1.370169536444E9
1370169536892;1.370169536425E9
1370169537110;1.370169536832E9
1370169537296;1.370169537253E9
1370169537641;1.370169537586E9
1370169537750;1.370169537716E9
1370169538261;1.370169538228E9
1370169538290;1.370169538289E9
1370169538613;1.370169538405E9
1370169538623;1.370169538463E9
1370169538788;1.370169538726E9
1370169538918;1.370169538906E9
1370169538946;1.370169538844E9
1370169539012;1.370169538953E9
1370169539821;1.370169539743E9
1370169540037;1.370169540029E9
1370169540044;1.370169539967E9
1370169540105;1.370169540018E9
1370169540684;1.370169540663E9
1370169540812;1.370169540812E9
1370169540987;1.370169540749E9
1370169540988;1.370169540897E9
1370169541248;1.370169541098E9
1370169541464;1.37016954131E9
1370169542262;1.37016954212E9
1370169542336;1.370169542209E9
1370169542391;1.370169542351E9
1370169542791;1.370169542703E9
1370169543025;1.370169542888E9
1370169543115;1.370169543054E9
1370169543413;1.370169543281E9
1370169543546;1.370169543482E9
1370169543815;1.370169543774E9
1370169544295;1.370169544069E9
1370169544435;1.370169544062E9
1370169544568;1.370169544064E9
1370169544909;1.370169544842E9
1370169545037;1.370169544946E9
1370169545199;1.370169545113E9
1370169545598;1.370169545526E9
1370169547110;1.370169546893E9
1370169547358;1.370169547356E9
1370169547801;1.37016954747E9
1370169547867;1.370169547709E9
1370169548013;1.370169547574E9
1370169548161;1.370169548015E9
1370169548234;1.370169548098E9
1370169548342;1.370169548252E9
1370169548369;1.370169547923E9
1370169548376;1.370169547579E9
1370169548747;1.370169548386E9
1370169548793;1.37016954846E9
1370169548850;1.37016954852E9
1370169549174;1.37016954901E9
1370169549620;1.370169549568E9
1370169549688;1.370169549687E9
1370169550283;1.370169550201E9
1370169550375;1.37016955035E9
1370169550473;1.370169550419E9
1370169550542;1.370169550379E9
1370169550609;1.370169550517E9
1370169551016;1.370169550323E9
1370169551096;1.370169550662E9
1370169551291;1.370169551291E9
1370169551614;1.370169551418E9
1370169551633;1.370169551623E9
1370169552052;1.370169551993E9
1370169552153;1.370169551976E9
1370169552167;1.370169551887E9
1370169552913;1.370169552867E9
1370169553006;1.370169552722E9
1370169553098;1.370169552927E9
1370169553484;1.370169553158E9
1370169553548;1.370169553508E9
1370169553775;1.370169553627E9
1370169553848;1.370169553838E9
1370169553913;1.370169553911E9
1370169553933;1.370169553407E9
1370169554080;1.370169554077E9
1370169554319;1.370169554271E9
1370169554472;1.370169554449E9
1370169554523;1.370169554483E9
1370169554888;1.370169554699E9
1370169554891;1.370169554767E9
1370169555269;1.370169555243E9
1370169555589;1.370169555308E9
1370169555728;1.370169555645E9
1370169555800;1.370169555785E9
1370169555879;1.370169555868E9
1370169555942;1.370169555906E9
1370169555994;1.370169555942E9
1370169556310;1.370169556244E9
1370169556426;1.370169556421E9
1370169556569;1.37016955655E9
1370169557199;1.370169556705E9
1370169557429;1.370169557255E9
1370169557434;1.370169557013E9
1370169557732;1.370169557567E9
1370169557893;1.370169557804E9
1370169557961;1.370169557809E9
1370169558079;1.370169557924E9
1370169558087;1.37016955771E9
1370169558119;1.37016955811E9
1370169558120;1.37016955812E9
1370169558501;1.370169558166E9
1370169558564;1.370169558288E9
1370169558840;1.370169558272E9
1370169559000;1.370169558956E9
1370169559267;1.370169559087E9
1370169559361;1.370169559356E9
1370169559766;1.370169559561E9
1370169559888;1.37016955978E9
1370169559899;1.370169559767E9
1370169559951;1.370169559933E9
1370169560020;1.370169560002E9
1370169560143;1.370169560101E9
1370169560624;1.370169560605E9
1370169561269;1.370169561264E9
1370169561320;1.370169561286E9
1370169561811;1.370169561778E9
1370169562092;1.370169562027E9
1370169562124;1.370169562E9
1370169562135;1.370169562103E9
1370169562241;1.370169561919E9
1370169562256;1.370169561923E9
1370169562291;1.37016956228E9
1370169562643;1.370169562579E9
1370169562725;1.370169562562E9
1370169563281;1.370169563246E9
1370169563479;1.370169563416E9
1370169564120;1.370169563938E9
1370169564137;1.370169564106E9
1370169564481;1.370169564435E9
1370169564688;1.370169564288E9
1370169564986;1.370169564984E9
1370169565098;1.370169564845E9
1370169565244;1.370169565183E9
1370169565366;1.370169565312E9
1370169565616;1.370169565586E9
1370169565706;1.370169565543E9
1370169565977;1.370169565973E9
1370169566124;1.370169566089E9
1370169566227;1.370169566081E9
1370169566484;1.370169566074E9
1370169566840;1.370169566627E9
1370169567087;1.370169567006E9
1370169567191;1.370169567182E9
1370169567940;1.370169567839E9
1370169567971;1.370169567338E9
1370169568659;1.370169567623E9
1370169568742;1.370169568314E9
1370169568966;1.37016956892E9
1370169569099;1.370169569042E9
1370169569159;1.370169568997E9
1370169569313;1.370169569125E9
1370169569584;1.370169569582E9
1370169569663;1.370169569217E9
1370169570203;1.370169569674E9
1370169570382;1.370169570377E9
1370169570547;1.370169569302E9
1370169570766;1.370169570735E9
1370169570893;1.370169569703E9
1370169571063;1.370169570983E9
1370169571357;1.370169571356E9
1370169571414;1.370169571405E9
1370169571463;1.370169570795E9
1370169571520;1.370169570916E9
1370169571958;1.370169571548E9
1370169572048;1.37016956999E9
1370169572075;1.370169571441E9
1370169572283;1.370169572005E9
1370169572741;1.370169572662E9
1370169572854;1.370169572514E9
1370169573137;1.370169573091E9
1370169573268;1.370169572954E9
1370169573336;1.370169573036E9
1370169573818;1.370169573807E9
1370169574045;1.370169573949E9
1370169574571;1.370169574567E9
1370169574607;1.370169574514E9
1370169574787;1.370169574721E9
1370169574832;1.370169574733E9
1370169574936;1.370169574476E9
1370169575335;1.370169575261E9
1370169575417;1.370169574672E9
1370169575503;1.370169574854E9
1370169576585;1.370169576585E9
1370169576615;1.370169576346E9
1370169576663;1.370169576395E9
1370169577153;1.370169577146E9
1370169577349;1.370169577074E9
1370169577551;1.370169576774E9
1370169577707;1.370169576013E9
1370169577715;1.370169577354E9
1370169578187;1.37016957775E9
1370169578373;1.370169577889E9
1370169578440;1.37016957799E9
1370169578642;1.370169577893E9
1370169578885;1.370169578288E9
1370169578915;1.370169577734E9
1370169579045;1.370169578445E9
1370169579056;1.37016957876E9
1370169579107;1.370169578861E9
1370169579401;1.370169579278E9
1370169579601;1.370169579586E9
1370169579975;1.370169579209E9
1370169580200;1.37016958008E9
1370169580263;1.370169580153E9
1370169580289;1.370169580051E9
1370169580400;1.370169579771E9
1370169580427;1.370169580426E9
1370169580825;1.370169580787E9
1370169580826;1.370169580708E9
1370169580937;1.370169580849E9
1370169581042;1.370169581018E9
1370169581539;1.370169581457E9
1370169581630;1.370169581193E9
1370169581646;1.370169581623E9
1370169581783;1.370169581686E9
1370169582005;1.370169581915E9
1370169582278;1.370169582259E9
1370169582341;1.370169582319E9
1370169582602;1.370169582409E9
1370169583107;1.370169583089E9
1370169583286;1.370169583157E9
1370169583374;1.370169583373E9
1370169583534;1.370169583387E9
1370169583738;1.370169583549E9
1370169584050;1.370169584047E9
1370169584420;1.370169584104E9
1370169584671;1.370169584018E9
1370169584767;1.370169583931E9
1370169585123;1.370169585104E9
1370169585157;1.370169584543E9
1370169585207;1.370169585184E9
1370169585401;1.370169584921E9
1370169585852;1.370169585415E9
1370169585915;1.370169585861E9
1370169585985;1.370169584928E9
1370169586025;1.370169585956E9
1370169586154;1.370169585615E9
1370169586181;1.370169586006E9
1370169586189;1.370169586031E9
1370169586314;1.370169586169E9
1370169586739;1.370169586713E9
1370169587677;1.370169587676E9
1370169587769;1.370169587332E9
1370169587785;1.370169587207E9
1370169587841;1.370169587796E9
1370169587861;1.370169587708E9
1370169588037;1.370169587954E9
1370169588091;1.370169587679E9
1370169588139;1.370169587262E9
1370169588289;1.370169587161E9
1370169588649;1.370169588647E9
1370169588736;1.370169588658E9
1370169588942;1.37016958894E9
1370169589174;1.370169589105E9
1370169589406;1.370169589398E9
1370169589471;1.370169588959E9
1370169589473;1.370169588917E9
1370169589930;1.370169589759E9
1370169590436;1.370169590359E9
1370169590746;1.37016959071E9
1370169590830;1.3701695907E9
1370169590908;1.370169590751E9
1370169590988;1.370169590964E9
1370169591133;1.370169591111E9
1370169591249;1.370169591183E9
1370169591301;1.370169591271E9
1370169591670;1.370169591489E9
1370169591686;1.370169591499E9
1370169592085;1.370169591528E9
1370169592164;1.370169591956E9
1370169592368;1.370169592358E9
1370169592401;1.370169591961E9
1370169592443;1.37016959225E9
1370169592474;1.370169592177E9
1370169592841;1.370169592713E9
1370169593053;1.370169593048E9
1370169593241;1.3701695931E9
1370169593676;1.370169593672E9
1370169593933;1.370169593767E9
1370169594648;1.370169594535E9
1370169594896;1.370169594888E9
1370169595086;1.370169595085E9
1370169595176;1.370169595169E9
1370169595192;1.370169595035E9
1370169595255;1.37016959525E9
1370169595415;1.37016959499E9
1370169595514;1.370169595332E9
1370169595747;1.370169595441E9
1370169596575;1.37016959647E9
1370169596668;1.370169596635E9
1370169596714;1.370169596459E9
1370169596870;1.370169596757E9
1370169597095;1.370169597073E9
1370169597517;1.370169597304E9
1370169597762;1.370169597621E9
1370169597996;1.37016959779E9
1370169597999;1.37016959753E9
1370169598000;1.370169597394E9
1370169598096;1.37016959774E9
1370169598135;1.370169598126E9
1370169598318;1.370169598195E9
1370169598383;1.370169598357E9
1370169598403;1.370169598347E9
1370169598661;1.370169598656E9
1370169598983;1.370169598619E9
1370169599322;1.370169599304E9
1370169599488;1.370169599452E9
1370169599947;1.370169599873E9
1370169600213;1.370169600194E9
1370169600559;1.37016960037E9
1370169600663;1.370169600625E9
1370169600848;1.370169600818E9
1370169600903;1.370169600701E9
1370169601319;1.370169601311E9
1370169601540;1.3701696015E9
1370169601667;1.370169601666E9
1370169601904;1.370169601901E9
1370169602105;1.370169601663E9
1370169602136;1.370169602133E9
1370169602258;1.370169602249E9
1370169602291;1.370169601497E9
1370169602421;1.370169601781E9
1370169603020;1.37016960295E9
1370169603219;1.37016960315E9
1370169603305;1.370169603222E9
1370169604220;1.370169604219E9
1370169604524;1.370169604479E9
1370169604554;1.370169604443E9
1370169604800;1.370169604151E9
1370169604979;1.370169604969E9
1370169605284;1.370169605056E9
1370169605379;1.370169605315E9
1370169605433;1.37016960505E9
1370169605653;1.370169605498E9
1370169605917;1.370169605799E9
1370169606066;1.370169605829E9
1370169606249;1.37016960597E9
1370169606426;1.37016960609E9
1370169606675;1.370169606172E9
1370169606695;1.370169606147E9
1370169606758;1.370169606265E9
1370169606891;1.370169606577E9
1370169606934;1.370169606481E9
1370169607275;1.37016960713E9
1370169607400;1.370169607358E9
1370169607409;1.370169607322E9
1370169607440;1.3701696068E9
1370169607707;1.370169607533E9
1370169607749;1.370169607708E9
1370169607827;1.370169607793E9
1370169608132;1.370169608098E9
1370169608446;1.370169608436E9
1370169608469;1.370169608393E9
1370169608652;1.370169608581E9
1370169608723;1.370169608708E9
1370169608973;1.37016960894E9
1370169609187;1.370169608919E9
1370169609451;1.370169609413E9
1370169609743;1.3701696096E9
1370169609751;1.370169609621E9
1370169610699;1.370169610496E9
1370169610772;1.370169610624E9
1370169611205;1.370169611203E9
1370169611274;1.370169611272E9
1370169611555;1.370169611464E9
1370169611800;1.370169611512E9
1370169612165;1.370169612066E9
1370169612188;1.370169612E9
1370169612683;1.370169612451E9
1370169612883;1.370169612766E9
1370169612941;1.370169612907E9
1370169612994;1.370169612929E9
1370169613553;1.370169613204E9
1370169613796;1.370169613614E9
1370169613841;1.37016961384E9
1370169614062;1.370169613921E9
1370169614251;1.370169613973E9
1370169614771;1.370169614288E9
1370169614795;1.370169614392E9
1370169614845;1.370169614474E9
1370169615110;1.370169614944E9
1370169615143;1.370169614357E9
1370169615264;1.370169615077E9
1370169615409;1.37016961403E9
1370169615479;1.370169615464E9
1370169615882;1.370169615787E9
1370169616352;1.370169616343E9
1370169616510;1.370169616509E9
1370169616719;1.370169616694E9
1370169616804;1.370169616787E9
1370169617174;1.370169617023E9
1370169617740;1.370169617483E9
1370169617779;1.370169617605E9
1370169618010;1.370169617559E9
1370169618050;1.370169618036E9
1370169618773;1.37016961874E9
1370169619103;1.370169619076E9
1370169619292;1.370169619246E9
1370169619320;1.370169619319E9
1370169619420;1.370169619384E9
1370169619537;1.37016961947E9
1370169620249;1.370169620093E9
1370169620344;1.370169620302E9
1370169620531;1.37016962053E9
1370169620595;1.370169620457E9
1370169620795;1.370169620603E9
1370169621044;1.370169620885E9
1370169621066;1.37016962091E9
1370169621312;1.370169620879E9
1370169621380;1.370169621295E9
1370169621383;1.370169621347E9
1370169621489;1.370169620687E9
1370169621980;1.370169621654E9
1370169621992;1.370169621907E9
1370169622126;1.370169621893E9
1370169622249;1.370169622193E9
1370169622486;1.370169622376E9
1370169622618;1.370169622543E9
1370169623464;1.370169623196E9
1370169623475;1.370169622977E9
1370169623754;1.3701696236E9
1370169623908;1.370169623587E9
1370169624020;1.370169623519E9
1370169624454;1.370169624257E9
1370169624512;1.370169624287E9
1370169624616;1.370169623509E9
1370169624873;1.37016962479E9
1370169624925;1.37016962491E9
1370169625135;1.37016962498E9
1370169625170;1.370169625146E9
1370169625846;1.370169625369E9
1370169625870;1.370169625431E9
1370169626109;1.370169625389E9
1370169626187;1.370169625828E9
1370169626257;1.370169625761E9
1370169626428;1.370169625849E9
1370169626553;1.370169626003E9
1370169626655;1.370169626655E9
1370169626880;1.370169626854E9
1370169626899;1.370169626842E9
1370169626927;1.370169626901E9
1370169626964;1.370169626928E9
1370169627056;1.37016962702E9
1370169627115;1.370169627071E9
1370169627218;1.370169627146E9
1370169627683;1.370169627558E9
1370169627796;1.370169627699E9
1370169628027;1.370169627933E9
1370169628147;1.370169627965E9
1370169628147;1.370169628139E9
1370169628198;1.370169628196E9
1370169628488;1.370169628485E9
1370169628840;1.37016962872E9
1370169628894;1.370169628874E9
1370169629119;1.370169628959E9
1370169629125;1.370169628511E9
1370169630102;1.370169629978E9
1370169630156;1.370169630059E9
1370169630234;1.370169630027E9
1370169630324;1.370169630119E9
1370169630410;1.370169630409E9
1370169630668;1.370169630649E9
1370169630957;1.370169630946E9
1370169630957;1.370169630766E9
1370169631137;1.370169631095E9
1370169631602;1.370169631401E9
1370169631703;1.370169630968E9
1370169631966;1.370169631626E9
1370169631994;1.370169631886E9
1370169632028;1.370169631717E9
1370169632557;1.370169632389E9
1370169632770;1.370169632633E9
1370169632820;1.370169632727E9
1370169632925;1.370169632873E9
1370169633223;1.370169633213E9
1370169633317;1.370169633314E9
1370169633321;1.370169633321E9
1370169633336;1.370169633295E9
1370169633533;1.370169633356E9
1370169633649;1.370169633521E9
1370169633679;1.370169633413E9
1370169633902;1.37016963363E9
1370169633921;1.370169633733E9
1370169634224;1.37016963402E9
1370169634349;1.370169634084E9
1370169634390;1.370169634005E9
1370169634506;1.370169634116E9
1370169634647;1.370169634099E9
1370169634657;1.370169634524E9
1370169635099;1.370169635061E9
1370169635374;1.37016963533E9
1370169635639;1.370169635578E9
1370169636148;1.370169636087E9
1370169636969;1.370169636859E9
1370169637301;1.370169637236E9
1370169637339;1.37016963713E9
1370169637403;1.370169637092E9
1370169637707;1.370169637616E9
1370169638025;1.37016963799E9
1370169638356;1.370169638323E9
1370169639045;1.370169638841E9
1370169639174;1.370169639107E9
1370169639288;1.370169639258E9
1370169639500;1.370169639418E9
1370169639614;1.370169639614E9
1370169639685;1.370169639682E9
1370169639708;1.370169639584E9
1370169640395;1.370169640321E9
1370169640446;1.370169640208E9
1370169640451;1.370169640002E9
1370169640580;1.370169640233E9
1370169641081;1.370169641047E9
1370169641617;1.370169641593E9
1370169641829;1.370169641782E9
1370169641843;1.370169641811E9
1370169641863;1.370169641862E9
1370169642234;1.370169642139E9
1370169642334;1.370169642308E9
1370169642371;1.370169642217E9
1370169642494;1.370169642358E9
1370169642572;1.370169642549E9
1370169643171;1.370169643078E9
1370169643414;1.370169643352E9
1370169643499;1.370169643487E9
1370169643737;1.370169643641E9
1370169643792;1.370169643763E9
1370169643947;1.370169643785E9
1370169644315;1.370169644303E9
1370169644327;1.370169644327E9
1370169644480;1.370169644479E9
1370169644509;1.370169644504E9
1370169644558;1.37016964451E9
1370169644912;1.370169644788E9
1370169645154;1.370169645024E9
1370169645624;1.370169645599E9
1370169645674;1.370169645585E9
1370169645970;1.370169645771E9
1370169646000;1.370169645779E9
1370169646473;1.37016964633E9
1370169647224;1.370169647081E9
1370169647347;1.370169647345E9
1370169647755;1.370169647508E9
1370169647950;1.370169647253E9
1370169648021;1.370169647863E9
1370169648078;1.370169647925E9
1370169648313;1.370169648308E9
1370169648482;1.370169648464E9
1370169648505;1.37016964841E9
1370169648567;1.370169648135E9
1370169648572;1.37016964836E9
1370169648807;1.370169648719E9
1370169648897;1.370169648895E9
1370169649315;1.370169649284E9
1370169650261;1.370169649975E9
1370169650271;1.37016964982E9
1370169650572;1.370169650568E9
1370169650574;1.370169649458E9
1370169650644;1.370169649477E9
1370169650728;1.370169650605E9
1370169650804;1.37016965007E9
1370169650984;1.37016965085E9
1370169650985;1.370169650794E9
1370169651066;1.370169651041E9
1370169651101;1.370169650812E9
1370169651179;1.370169651179E9
1370169651302;1.370169651124E9
1370169651480;1.370169651416E9
1370169651982;1.370169651607E9
1370169652171;1.37016965205E9
1370169652202;1.370169651836E9
1370169653100;1.3701696531E9
1370169653197;1.370169653095E9
1370169653386;1.37016965329E9
1370169653420;1.370169653392E9
1370169653550;1.370169653323E9
1370169654007;1.370169653584E9
1370169654175;1.370169653398E9
1370169654247;1.370169654115E9
1370169654347;1.37016965351E9
1370169654585;1.37016965454E9
1370169654899;1.370169654873E9
1370169655044;1.370169655042E9
1370169655067;1.370169654972E9
1370169655096;1.37016965508E9
1370169655124;1.370169655123E9
1370169655317;1.370169655316E9
1370169655516;1.370169655509E9
1370169655563;1.370169655383E9
1370169655606;1.370169655371E9
1370169655846;1.370169655686E9
1370169655935;1.370169655873E9
1370169656452;1.370169656447E9
1370169656561;1.370169656346E9
1370169656609;1.370169656551E9
1370169656753;1.370169656713E9
1370169656839;1.370169656817E9
1370169656899;1.370169656896E9
1370169656949;1.370169656865E9
1370169657268;1.370169657261E9
1370169657601;1.370169657591E9
1370169658422;1.370169658045E9
1370169658470;1.370169658117E9
1370169658557;1.370169658239E9
1370169659015;1.370169658223E9
1370169659148;1.370169658687E9
1370169659332;1.370169658753E9
1370169659379;1.370169658049E9
1370169659722;1.370169659661E9
1370169659950;1.370169659846E9
1370169660388;1.370169660387E9
1370169660430;1.370169660155E9
1370169660788;1.370169660522E9
1370169661586;1.37016966001E9
1370169661747;1.370169660084E9
1370169661989;1.370169661974E9
1370169662028;1.370169661403E9
1370169662129;1.370169661367E9
1370169662163;1.37016966004E9
1370169662182;1.370169660409E9
1370169662217;1.3701696621E9
1370169662867;1.370169662764E9
1370169662877;1.370169662612E9
1370169663111;1.370169663017E9
1370169663387;1.370169663156E9
1370169663494;1.370169663321E9
1370169663582;1.370169663256E9
1370169663667;1.37016966361E9
1370169663884;1.370169663736E9
1370169663899;1.370169663289E9
1370169663925;1.370169663781E9
1370169664202;1.370169664073E9
1370169664252;1.370169664248E9
1370169664347;1.370169664347E9
1370169664437;1.370169664436E9
1370169664588;1.370169664564E9
1370169665174;1.370169665079E9
1370169665405;1.370169665316E9
1370169665454;1.370169665449E9
1370169665857;1.370169665601E9
1370169666197;1.370169666019E9
1370169666205;1.370169665703E9
1370169666424;1.370169666274E9
1370169666665;1.370169666662E9
1370169666745;1.370169665875E9
1370169667103;1.370169666405E9
1370169667450;1.370169665827E9
1370169667471;1.370169667288E9
1370169667514;1.370169666605E9
1370169667675;1.370169666751E9
1370169667781;1.370169667719E9
1370169667959;1.370169667774E9
1370169668254;1.370169668052E9
1370169668269;1.370169667638E9
1370169668301;1.37016966792E9
1370169668574;1.37016966844E9
1370169668581;1.370169668367E9
1370169668742;1.370169668628E9
1370169668816;1.370169668508E9
1370169669092;1.370169667993E9
1370169669588;1.3701696695E9
1370169669612;1.370169669493E9
1370169669671;1.370169669651E9
1370169670167;1.37016967014E9
1370169670183;1.370169670181E9
1370169670244;1.37016967019E9
1370169671129;1.370169670898E9
1370169671232;1.370169671143E9
1370169671657;1.370169671434E9
1370169671693;1.370169671673E9
1370169671761;1.370169671439E9
1370169671857;1.370169671839E9
1370169672145;1.370169672058E9
1370169672646;1.370169672629E9
1370169672818;1.370169672727E9
1370169673024;1.370169673024E9
1370169673111;1.370169673047E9
1370169673304;1.370169673257E9
1370169673765;1.370169673761E9
1370169673951;1.370169673856E9
1370169674049;1.37016967404E9
1370169674260;1.370169674188E9
1370169674928;1.370169674896E9
1370169674955;1.370169674574E9
1370169675110;1.370169674741E9
1370169675365;1.370169675334E9
1370169675719;1.370169675655E9
1370169676322;1.370169676105E9
1370169676435;1.370169676243E9
1370169676516;1.370169676158E9
1370169676609;1.370169676155E9
1370169676954;1.370169676374E9
1370169676994;1.370169676992E9
1370169677737;1.370169676812E9
1370169677810;1.370169677562E9
1370169677843;1.370169677841E9
1370169677964;1.370169677904E9
1370169678045;1.370169678044E9
1370169678300;1.370169678282E9
1370169678379;1.370169678378E9
1370169678491;1.370169678348E9
1370169678662;1.370169678579E9
1370169678842;1.370169678841E9
1370169678961;1.370169678572E9
1370169679327;1.370169678923E9
1370169679414;1.370169678747E9
1370169679485;1.370169679199E9
1370169679529;1.370169679194E9
1370169679550;1.370169679042E9
1370169679594;1.370169678876E9
1370169679861;1.370169679821E9
1370169680318;1.370169680247E9
1370169680474;1.370169680471E9
1370169680574;1.370169679989E9
1370169680657;1.370169680013E9
1370169680731;1.370169680682E9
1370169680875;1.370169680481E9
1370169680950;1.370169680889E9
1370169680955;1.370169680893E9
1370169681072;1.370169681062E9
1370169681432;1.370169681207E9
1370169681546;1.370169681212E9
1370169681555;1.37016968125E9
1370169681870;1.370169681756E9
1370169682247;1.370169681904E9
1370169682522;1.370169682058E9
1370169682691;1.370169682011E9
1370169682910;1.370169682839E9
1370169682973;1.370169682842E9
1370169682986;1.370169682976E9
1370169683170;1.370169683088E9
1370169683495;1.370169683495E9
1370169684011;1.370169683379E9
1370169684169;1.370169684149E9
1370169684356;1.370169684151E9
1370169684521;1.370169684029E9
1370169684979;1.370169684714E9
1370169685270;1.37016968523E9
1370169685319;1.370169685317E9
1370169685655;1.370169685559E9
1370169685714;1.370169685616E9
1370169685736;1.370169685549E9
1370169685895;1.370169685781E9
1370169685944;1.370169685904E9
1370169686127;1.370169686113E9
1370169686507;1.370169686499E9
1370169686603;1.370169686603E9
1370169686758;1.370169686583E9
1370169687051;1.370169686899E9
1370169687226;1.370169687175E9
1370169687721;1.370169687719E9
1370169687727;1.370169687706E9
1370169687877;1.370169687874E9
1370169687986;1.370169687709E9
1370169687997;1.370169687653E9
1370169688346;1.370169688324E9
1370169688546;1.370169688418E9
1370169688742;1.370169688489E9
1370169689228;1.370169688785E9
1370169689332;1.370169689129E9
1370169689442;1.370169689118E9
1370169689510;1.370169689485E9
1370169689555;1.370169688771E9
1370169689692;1.37016968961E9
1370169690241;1.370169690204E9
1370169690452;1.370169690411E9
1370169690841;1.370169690819E9
1370169691134;1.370169691119E9
1370169691513;1.370169691408E9
1370169691736;1.370169691729E9
1370169691746;1.37016969129E9
1370169691817;1.370169691762E9
1370169691864;1.370169691863E9
1370169692273;1.370169691875E9
1370169693311;1.370169693237E9
1370169693411;1.37016969341E9
1370169693799;1.370169693788E9
1370169693891;1.37016969361E9
1370169694018;1.370169693915E9
1370169694335;1.370169694245E9
1370169694602;1.370169694459E9
1370169695513;1.370169695403E9
1370169695823;1.370169695326E9
1370169695844;1.370169695839E9
1370169695890;1.37016969573E9
1370169695948;1.370169695199E9
1370169696206;1.370169696204E9
1370169696231;1.370169696197E9
1370169696815;1.370169696781E9
1370169697004;1.370169696967E9
1370169697201;1.370169697031E9
1370169697305;1.370169697209E9
1370169697497;1.370169697433E9
1370169697515;1.370169697508E9
1370169697556;1.370169697462E9
1370169697710;1.370169697489E9
1370169697942;1.370169697886E9
1370169698241;1.370169698205E9
1370169698716;1.370169698695E9
1370169698962;1.37016969896E9
1370169698979;1.370169698861E9
1370169699036;1.370169698952E9
1370169699177;1.37016969915E9
1370169699276;1.370169699266E9
1370169699734;1.370169699716E9
1370169699810;1.37016969981E9
1370169699842;1.370169699793E9
1370169699897;1.370169699889E9
1370169700144;1.370169700029E9
1370169700665;1.370169700618E9
1370169700704;1.37016970068E9
1370169701100;1.370169700756E9
1370169701383;1.370169701326E9
1370169701956;1.370169701927E9
1370169701988;1.370169701962E9
1370169702235;1.370169702235E9
1370169702368;1.370169702275E9
1370169702423;1.370169702256E9
1370169702609;1.370169702547E9
1370169702810;1.370169702711E9
1370169702858;1.370169702726E9
1370169702980;1.37016970298E9
1370169703910;1.370169703612E9
1370169704029;1.370169703933E9
1370169704297;1.370169704185E9
1370169704346;1.370169704345E9
1370169704365;1.370169702587E9
1370169704432;1.370169704429E9
1370169704757;1.370169704386E9
1370169704762;1.370169704677E9
1370169704765;1.370169704131E9
1370169704876;1.370169704765E9
1370169705127;1.370169704965E9
1370169705633;1.370169705298E9
1370169705909;1.370169705894E9
1370169705964;1.37016970539E9
1370169706483;1.37016970635E9
1370169706879;1.37016970681E9
1370169706881;1.370169706583E9
1370169707244;1.370169707236E9
1370169707366;1.370169707305E9
1370169707455;1.37016970745E9
1370169707638;1.370169707435E9
1370169708063;1.370169708061E9
1370169708481;1.370169708474E9
1370169708687;1.370169708632E9
1370169708936;1.370169708918E9
1370169708974;1.370169708942E9
1370169709053;1.370169709003E9
1370169709264;1.370169709246E9
1370169710001;1.370169709768E9
1370169710275;1.370169709782E9
1370169710537;1.37016971036E9
1370169710673;1.370169710515E9
1370169710836;1.37016971069E9
1370169711310;1.370169711268E9
1370169711788;1.370169711781E9
1370169711992;1.370169711452E9
1370169712252;1.370169711917E9
1370169712257;1.370169711542E9
1370169712818;1.37016971265E9
1370169712987;1.370169712769E9
1370169713193;1.37016971296E9
1370169713261;1.370169712354E9
1370169713269;1.370169712755E9
1370169713352;1.370169713342E9
1370169713417;1.370169713381E9
1370169713555;1.370169713449E9
1370169713641;1.370169713636E9
1370169713879;1.37016971382E9
1370169713942;1.370169713937E9
1370169714114;1.370169713829E9
1370169714279;1.370169714237E9
1370169714416;1.370169714118E9
1370169714693;1.370169714651E9
1370169714961;1.370169714945E9
1370169715200;1.370169715035E9
1370169715247;1.370169714999E9
1370169715642;1.370169715501E9
1370169715689;1.370169715587E9
1370169716083;1.37016971606E9
1370169716182;1.370169716179E9
1370169716424;1.370169716253E9
1370169716504;1.370169716457E9
1370169716768;1.370169716766E9
1370169716962;1.370169716919E9
1370169717049;1.370169716859E9
1370169717072;1.370169717019E9
1370169717252;1.370169717247E9
1370169717475;1.370169717474E9
1370169717508;1.370169716667E9
1370169717584;1.370169717215E9
1370169717600;1.370169717268E9
1370169717760;1.370169717279E9
1370169717855;1.370169717852E9
1370169717899;1.370169717681E9
1370169717933;1.370169717408E9
1370169717959;1.370169717162E9
1370169718260;1.370169718004E9
1370169718387;1.370169718196E9
1370169718515;1.370169718447E9
1370169719310;1.370169718937E9
1370169719428;1.370169718857E9
1370169719535;1.370169719331E9
1370169719834;1.370169718775E9
1370169719852;1.370169718924E9
1370169719853;1.37016971968E9
1370169719914;1.370169719909E9
1370169719962;1.370169719556E9
1370169720109;1.370169719793E9
1370169720218;1.370169719769E9
1370169720482;1.370169720199E9
1370169720716;1.370169720696E9
1370169721059;1.370169721057E9
1370169721283;1.370169720967E9
1370169721383;1.37016972115E9
1370169721690;1.370169721144E9
1370169721758;1.370169721732E9
1370169721809;1.370169720813E9
1370169722024;1.370169721937E9
1370169722145;1.370169721837E9
1370169722164;1.370169721886E9
1370169722199;1.370169722189E9
1370169722239;1.370169721859E9
1370169722400;1.370169722223E9
1370169722534;1.370169722485E9
1370169722634;1.370169722466E9
1370169722664;1.370169722595E9
1370169722755;1.370169722544E9
1370169723735;1.370169723091E9
1370169723953;1.370169722906E9
1370169724046;1.37016972396E9
1370169724085;1.370169723049E9
1370169724512;1.370169724495E9
1370169724522;1.370169724475E9
1370169724791;1.37016972331E9
1370169724994;1.370169724953E9
1370169725041;1.370169724968E9
1370169725144;1.370169723978E9
1370169725601;1.370169725125E9
1370169725665;1.370169725474E9
1370169725732;1.370169723989E9
1370169726364;1.370169725416E9
1370169726832;1.37016972647E9
1370169726845;1.370169726047E9
1370169726909;1.370169726295E9
1370169726994;1.370169726463E9
1370169727041;1.37016972597E9
1370169727073;1.370169727066E9
1370169727141;1.370169727103E9
1370169727514;1.370169726955E9
1370169727747;1.370169726184E9
1370169727751;1.370169726699E9
1370169728236;1.370169728148E9
1370169728327;1.37016972771E9
1370169728369;1.37016972711E9
1370169728525;1.370169728103E9
1370169728787;1.370169728333E9
1370169729132;1.370169728275E9
1370169729555;1.370169729388E9
1370169729561;1.370169728623E9
1370169730168;1.370169728939E9
1370169730484;1.370169729618E9
1370169730886;1.370169729411E9
1370169730976;1.370169730771E9
1370169731260;1.37016972968E9
1370169731580;1.37016973133E9
1370169731651;1.370169727018E9
1370169732003;1.370169731917E9
1370169732198;1.370169732153E9
1370169732318;1.370169732318E9
1370169732540;1.370169732172E9
1370169732624;1.370169732479E9
1370169732840;1.370169732754E9
1370169732882;1.370169732851E9
1370169733066;1.370169732868E9
1370169733094;1.370169733093E9
1370169733096;1.370169733053E9
1370169733111;1.370169732969E9
1370169733289;1.370169733184E9
1370169733329;1.370169733294E9
1370169733697;1.370169733608E9
1370169733795;1.370169733488E9
1370169733929;1.370169733893E9
1370169733984;1.370169733824E9
1370169734001;1.37016973399E9
1370169734168;1.37016973416E9
1370169734417;1.370169734293E9
1370169734433;1.370169734181E9
1370169734623;1.370169734484E9
1370169734748;1.370169734732E9
1370169735075;1.370169735053E9
1370169735240;1.370169734914E9
1370169735386;1.370169734981E9
1370169735420;1.370169735399E9
1370169735735;1.37016973527E9
1370169735892;1.370169735433E9
1370169736005;1.370169735584E9
1370169736395;1.370169736364E9
1370169736631;1.370169736597E9
1370169736994;1.370169736935E9
1370169737326;1.370169737317E9
1370169737862;1.370169737746E9
1370169738042;1.370169737981E9
1370169738145;1.370169737634E9
1370169738183;1.370169738128E9
1370169738306;1.370169737767E9
1370169738620;1.370169738436E9
1370169738766;1.370169738589E9
1370169738790;1.370169738703E9
1370169738938;1.370169738928E9
1370169739553;1.370169739548E9
1370169740497;1.370169740475E9
1370169740512;1.370169740387E9
1370169740688;1.370169739956E9
1370169741030;1.370169740126E9
1370169741441;1.370169740994E9
1370169741561;1.370169740469E9
1370169741604;1.370169741145E9
1370169741653;1.37016974161E9
1370169742110;1.370169741352E9
1370169742169;1.37016973954E9
1370169742678;1.370169742465E9
1370169742981;1.370169742935E9
1370169743042;1.370169742526E9
1370169743099;1.370169743083E9
1370169743505;1.3701697435E9
1370169743625;1.370169743377E9
1370169743683;1.370169743634E9
1370169743701;1.370169743581E9
1370169743749;1.370169743706E9
1370169743943;1.370169743165E9
1370169744105;1.370169744067E9
1370169744314;1.370169743928E9
1370169744431;1.370169744193E9
1370169744724;1.370169744669E9
1370169744819;1.370169744804E9
1370169744902;1.370169744826E9
1370169745045;1.370169744586E9
1370169745292;1.370169744978E9
1370169745589;1.370169745586E9
1370169745677;1.370169745234E9
1370169745880;1.370169743368E9
1370169745946;1.370169744791E9
1370169746115;1.370169746003E9
1370169746250;1.370169746199E9
1370169746619;1.370169745619E9
1370169746735;1.370169746444E9
1370169746745;1.370169746208E9
1370169746853;1.370169746837E9
1370169747275;1.370169747082E9
1370169747335;1.370169747294E9
1370169747346;1.370169747297E9
1370169747382;1.370169747348E9
1370169747814;1.370169747728E9
1370169747817;1.370169747634E9
1370169747968;1.370169747864E9
1370169748107;1.370169748097E9
1370169748220;1.370169747722E9
1370169748404;1.370169748266E9
1370169748432;1.370169748276E9
1370169748888;1.370169748823E9
1370169749418;1.370169749384E9
1370169749574;1.370169749421E9
1370169749813;1.370169749801E9
1370169750112;1.370169750027E9
1370169750451;1.370169749838E9
1370169750743;1.370169749841E9
1370169750842;1.370169750355E9
1370169750952;1.370169750129E9
1370169751181;1.370169750047E9
1370169751656;1.370169750591E9
1370169752028;1.370169750966E9
1370169752388;1.370169752314E9
1370169752410;1.370169752334E9
1370169752471;1.370169750818E9
1370169752497;1.370169751808E9
1370169752714;1.370169752569E9
1370169752836;1.370169752565E9
1370169754205;1.3701697535E9
1370169754289;1.370169753637E9
1370169754632;1.370169754271E9
1370169755084;1.370169754835E9
1370169755149;1.370169754998E9
1370169755172;1.370169754766E9
1370169755681;1.370169754783E9
1370169755904;1.370169754316E9
1370169755998;1.370169755801E9
1370169756337;1.370169756257E9
1370169756763;1.37016975631E9
1370169757166;1.370169757088E9
1370169757340;1.370169757075E9
1370169757433;1.370169757112E9
1370169757486;1.370169757017E9
1370169757666;1.370169756963E9
1370169757800;1.370169757575E9
1370169758026;1.370169757595E9
1370169758137;1.370169756735E9
1370169758160;1.370169758087E9
1370169758323;1.370169758315E9
1370169758346;1.3701697581E9
1370169758575;1.370169758473E9
1370169758769;1.370169758766E9
1370169759042;1.370169758845E9
1370169759099;1.370169759092E9
1370169759103;1.370169758454E9
1370169759513;1.370169759187E9
1370169759527;1.370169759527E9
1370169759989;1.370169759862E9
1370169760042;1.370169759914E9
1370169760125;1.370169759573E9
1370169760632;1.37016976036E9
1370169760953;1.370169760901E9
1370169761034;1.370169759838E9
1370169761180;1.370169760075E9
1370169761469;1.370169760093E9
1370169762414;1.370169762406E9
1370169762578;1.370169761015E9
1370169762634;1.370169761709E9
1370169762655;1.370169762134E9
1370169762741;1.370169761987E9
1370169762810;1.370169761078E9
1370169763274;1.370169763155E9
1370169763277;1.370169762818E9
1370169763286;1.37016976315E9
1370169763418;1.370169763359E9
1370169763914;1.370169763651E9
1370169764253;1.370169764101E9
1370169764412;1.370169764259E9
1370169764470;1.370169764148E9
1370169764596;1.370169763208E9
1370169764746;1.370169764639E9
1370169764984;1.370169764635E9
1370169765045;1.370169765045E9
1370169765319;1.370169765088E9
1370169765345;1.370169765235E9
1370169765487;1.370169765404E9
1370169765653;1.370169765442E9
1370169765669;1.370169765527E9
1370169765892;1.370169765826E9
1370169766129;1.370169765962E9
1370169766137;1.37016976607E9
1370169766324;1.37016976626E9
1370169766357;1.370169766326E9
1370169766556;1.370169766509E9
1370169766610;1.370169766576E9
1370169766644;1.370169766637E9
1370169766910;1.370169766887E9
1370169767077;1.370169767029E9
1370169767203;1.370169767177E9
1370169767544;1.370169767268E9
1370169768129;1.370169768107E9
1370169768391;1.370169768061E9
1370169768402;1.370169768362E9
1370169768858;1.370169768771E9
1370169768895;1.370169768373E9
1370169769002;1.370169768833E9
1370169769397;1.370169769389E9
1370169769452;1.370169768315E9
1370169769778;1.370169769638E9
1370169769944;1.370169769733E9
1370169769970;1.370169767781E9
1370169770059;1.370169769816E9
1370169770136;1.370169770052E9
1370169770365;1.370169770062E9
1370169770502;1.370169770498E9
1370169770878;1.370169770878E9
1370169770882;1.37016977075E9
1370169771908;1.370169771792E9
1370169771938;1.370169771335E9
1370169771968;1.370169771721E9
1370169772000;1.370169771998E9
1370169773274;1.370169773263E9
1370169773551;1.370169773468E9
1370169773592;1.370169773526E9
1370169773782;1.370169773754E9
1370169774039;1.370169773996E9
1370169774152;1.370169774145E9
1370169774261;1.37016977426E9
1370169774888;1.370169774881E9
1370169774994;1.370169774859E9
1370169775174;1.370169775169E9
1370169775440;1.37016977524E9
1370169775551;1.370169775369E9
1370169775644;1.370169775593E9
1370169776137;1.370169776105E9
1370169776332;1.370169776066E9
1370169776566;1.370169776463E9
1370169776623;1.370169776411E9
1370169776723;1.370169776489E9
1370169776815;1.370169776812E9
1370169776860;1.37016977686E9
1370169777161;1.370169776904E9
1370169777363;1.370169777252E9
1370169777427;1.37016977732E9
1370169777507;1.370169777272E9
1370169777801;1.370169777703E9
1370169777961;1.370169777897E9
1370169778353;1.370169778277E9
1370169778407;1.37016977806E9
1370169778502;1.370169778223E9
1370169778555;1.37016977848E9
1370169779016;1.370169778539E9
1370169779106;1.370169778474E9
1370169779138;1.370169778214E9
1370169779189;1.370169778637E9
1370169779290;1.37016977927E9
1370169779507;1.370169779421E9
1370169779653;1.370169779652E9
1370169779988;1.370169779987E9
1370169780091;1.370169779883E9
1370169780469;1.370169780335E9
1370169780520;1.37016978023E9
1370169780744;1.370169780721E9
1370169780779;1.370169780596E9
1370169780830;1.370169780748E9
1370169781786;1.370169781723E9
1370169782424;1.370169782099E9
1370169782589;1.37016978215E9
1370169782629;1.370169782628E9
1370169782907;1.370169782753E9
1370169783051;1.37016978246E9
1370169783168;1.37016978282E9
1370169783320;1.370169782558E9
1370169783428;1.370169783402E9
1370169783499;1.370169783451E9
1370169783563;1.370169783541E9
1370169783707;1.370169783706E9
1370169783909;1.370169783623E9
1370169784378;1.370169783935E9
1370169784421;1.370169783593E9
1370169784496;1.370169784143E9
1370169784766;1.370169784681E9
1370169785370;1.370169785337E9
1370169785512;1.370169785507E9
1370169785795;1.37016978579E9
1370169786330;1.370169786054E9
1370169786652;1.370169786274E9
1370169786695;1.370169786323E9
1370169786929;1.370169786823E9
1370169786935;1.370169786857E9
1370169786954;1.370169786763E9
1370169787086;1.37016978701E9
1370169787250;1.37016978694E9
1370169787313;1.370169786998E9
1370169787631;1.370169787346E9
1370169787654;1.370169787354E9
1370169787906;1.370169787731E9
1370169788157;1.370169787757E9
1370169788878;1.370169788687E9
1370169788953;1.370169788492E9
1370169789018;1.370169788986E9
1370169789298;1.370169789212E9
1370169789787;1.370169789441E9
1370169789867;1.370169789832E9
1370169790104;1.370169789924E9
1370169790537;1.370169790536E9
1370169790580;1.370169790575E9
1370169790789;1.370169789951E9
1370169791214;1.370169790801E9
1370169791269;1.370169790671E9
1370169791340;1.370169791041E9
1370169791630;1.37016978979E9
1370169791922;1.370169791866E9
1370169791987;1.370169791623E9
1370169792092;1.37016979131E9
1370169792124;1.370169791458E9
1370169792455;1.370169792421E9
1370169792633;1.370169792523E9
1370169792855;1.370169792791E9
1370169792968;1.370169792926E9
1370169793035;1.370169793001E9
1370169793332;1.370169793075E9
1370169793508;1.370169793447E9
1370169793655;1.370169793567E9
1370169793684;1.370169793467E9
1370169793811;1.370169793766E9
1370169793996;1.370169793918E9
1370169794350;1.370169794198E9
1370169794367;1.370169794276E9
1370169794720;1.370169794665E9
1370169794737;1.370169794735E9
1370169795184;1.370169795144E9
1370169795234;1.3701697951E9
1370169795306;1.370169795298E9
1370169795675;1.370169795442E9
1370169795909;1.370169795866E9
1370169796014;1.370169795715E9
1370169796642;1.37016979658E9
1370169796725;1.370169796626E9
1370169796828;1.370169796802E9
1370169797025;1.370169796991E9
1370169797345;1.370169797345E9
1370169797386;1.370169797381E9
1370169797549;1.370169797198E9
1370169797587;1.37016979728E9
1370169797838;1.370169797605E9
1370169797870;1.370169797796E9
1370169798363;1.370169798094E9
1370169798592;1.37016979837E9
1370169798597;1.370169798387E9
1370169798731;1.370169798725E9
1370169798878;1.370169798877E9
1370169798899;1.370169798627E9
1370169799054;1.370169798828E9
1370169799295;1.370169798881E9
1370169799469;1.370169798949E9
1370169799626;1.370169799555E9
1370169799713;1.370169799673E9
1370169799930;1.370169799746E9
1370169800046;1.370169799891E9
1370169800474;1.37016980043E9
1370169801597;1.370169801569E9
1370169801660;1.370169801638E9
1370169802303;1.370169802275E9
1370169802382;1.370169802337E9
1370169802599;1.370169802557E9
1370169802774;1.370169802774E9
1370169803070;1.370169802847E9
1370169803383;1.370169802585E9
1370169804118;1.370169804117E9
1370169804152;1.370169804023E9
1370169804296;1.370169804263E9
1370169804444;1.370169803997E9
1370169804496;1.370169804447E9
1370169804986;1.370169804466E9
1370169804990;1.370169804656E9
1370169805043;1.370169804746E9
1370169805043;1.370169804793E9
1370169805046;1.370169804773E9
1370169805251;1.370169805191E9
1370169805332;1.370169805274E9
1370169805341;1.370169805189E9
1370169805444;1.37016980536E9
1370169805539;1.370169805513E9
1370169805654;1.370169805494E9
1370169806132;1.37016980594E9
1370169806231;1.370169805995E9
1370169806360;1.37016980572E9
1370169806399;1.370169806315E9
1370169806714;1.370169806672E9
1370169806827;1.370169806801E9
1370169807017;1.37016980701E9
1370169807276;1.370169807008E9
1370169807487;1.370169807345E9
1370169807691;1.370169807641E9
1370169807988;1.370169807911E9
1370169808211;1.370169807974E9
1370169808398;1.370169808393E9
1370169808774;1.370169808766E9
1370169808774;1.370169808674E9
1370169808850;1.370169808825E9
1370169809911;1.370169809844E9
1370169810134;1.370169810088E9
1370169810558;1.370169810248E9
1370169810675;1.370169810575E9
1370169810688;1.370169810236E9
1370169810739;1.370169810723E9
1370169811106;1.370169811021E9
1370169811477;1.370169811412E9
1370169812018;1.370169811998E9
1370169812515;1.370169812514E9
1370169812743;1.370169812615E9
1370169812782;1.370169812773E9
1370169813103;1.370169813008E9
1370169813215;1.370169813031E9
1370169813388;1.370169813325E9
1370169813501;1.370169813481E9
1370169813626;1.370169813509E9
1370169813790;1.370169813785E9
1370169814137;1.370169814025E9
1370169814204;1.370169814202E9
1370169814316;1.370169814311E9
1370169814349;1.370169814347E9
1370169814475;1.370169814471E9
1370169814886;1.370169814838E9
1370169814962;1.370169814777E9
1370169815068;1.370169814989E9
1370169815268;1.37016981526E9
1370169815437;1.370169815437E9
1370169815699;1.370169815605E9
1370169815870;1.370169815843E9
1370169816045;1.370169816015E9
1370169816069;1.370169815727E9
1370169816449;1.370169816347E9
1370169816636;1.370169816372E9
1370169816712;1.370169816389E9
1370169816780;1.370169816779E9
1370169817924;1.370169817878E9
1370169817947;1.370169817942E9
1370169818078;1.370169818026E9
1370169818091;1.370169817894E9
1370169818477;1.370169818175E9
1370169818537;1.370169818447E9
1370169818850;1.370169818754E9
1370169818881;1.370169818691E9
1370169818985;1.370169818805E9
1370169818988;1.370169818105E9
1370169819479;1.370169819381E9
1370169819501;1.37016981924E9
1370169819888;1.37016981944E9
1370169820052;1.370169819782E9
1370169820096;1.370169820008E9
1370169820318;1.370169820237E9
1370169820435;1.370169820373E9
1370169820579;1.370169820461E9
1370169820611;1.370169820601E9
1370169820840;1.370169820799E9
1370169820874;1.370169820873E9
1370169820910;1.370169820891E9
1370169820945;1.370169820926E9
1370169821187;1.370169821147E9
1370169821707;1.370169821667E9
1370169822246;1.370169822135E9
1370169822309;1.370169821607E9
1370169822397;1.370169822387E9
1370169822651;1.37016982262E9
1370169822671;1.370169822628E9
1370169822784;1.370169822644E9
1370169822800;1.370169822793E9
1370169822944;1.370169822847E9
1370169823082;1.370169823046E9
1370169823514;1.370169823514E9
1370169823863;1.370169823434E9
1370169823928;1.370169823837E9
1370169824614;1.370169824532E9
1370169825064;1.370169824811E9
1370169825521;1.370169825356E9
1370169825895;1.37016982584E9
1370169826098;1.370169826032E9
1370169826262;1.370169826247E9
1370169826596;1.370169826463E9
1370169826852;1.370169826699E9
1370169827088;1.370169826681E9
1370169827128;1.370169826905E9
1370169827612;1.370169826903E9
1370169827742;1.370169827632E9
1370169827993;1.370169827755E9
1370169828041;1.370169828041E9
1370169828078;1.370169828055E9
1370169828172;1.370169828059E9
1370169828343;1.370169828277E9
1370169828401;1.370169828195E9
1370169828620;1.370169828608E9
1370169828855;1.370169828854E9
1370169829091;1.370169828793E9
1370169829566;1.370169829428E9
1370169829703;1.370169829611E9
1370169830204;1.370169830075E9
1370169830531;1.370169830346E9
1370169831006;1.370169830861E9
1370169831405;1.370169831361E9
1370169831549;1.370169831519E9
1370169831557;1.370169831457E9
1370169831572;1.370169831561E9
1370169831665;1.370169831594E9
1370169831867;1.370169831851E9
1370169831954;1.370169831875E9
1370169832083;1.37016983208E9
1370169832231;1.370169832162E9
1370169832563;1.370169832554E9
1370169832596;1.370169832461E9
1370169833242;1.370169832898E9
1370169833244;1.370169833191E9
1370169833511;1.370169833449E9
1370169833514;1.370169833228E9
1370169833712;1.370169833692E9
1370169834262;1.370169834124E9
1370169834397;1.37016983428E9
1370169834488;1.370169834302E9
1370169834515;1.370169834358E9
1370169834565;1.37016983444E9
1370169834572;1.370169834369E9
1370169834673;1.370169834576E9
1370169834706;1.3701698346E9
1370169834723;1.370169834266E9
1370169835031;1.370169834799E9
1370169835106;1.370169834923E9
1370169835387;1.370169835005E9
1370169835410;1.37016983541E9
1370169835505;1.370169835423E9
1370169836106;1.370169836041E9
1370169836255;1.370169836067E9
1370169836350;1.370169836334E9
1370169836690;1.37016983653E9
1370169837375;1.370169837358E9
1370169837988;1.370169837904E9
1370169838073;1.370169838072E9
1370169838166;1.370169838119E9
1370169838170;1.370169838024E9
1370169838515;1.370169838506E9
1370169838645;1.370169838599E9
1370169838788;1.370169838462E9
1370169839226;1.370169839187E9
1370169839393;1.370169839314E9
1370169839412;1.370169839385E9
1370169839644;1.370169839522E9
1370169840089;1.370169839767E9
1370169840147;1.370169839463E9
1370169840322;1.370169840157E9
1370169840550;1.370169840174E9
1370169840568;1.370169840566E9
1370169840725;1.370169840535E9
1370169840773;1.370169840599E9
1370169840807;1.370169840576E9
1370169840837;1.370169840836E9
1370169840871;1.370169840852E9
1370169841345;1.370169841123E9
1370169841479;1.370169841237E9
1370169841657;1.370169841489E9
1370169841848;1.370169841823E9
1370169842560;1.37016984253E9
1370169842602;1.370169842532E9
1370169843401;1.370169843296E9
1370169843418;1.370169843165E9
1370169843656;1.370169843649E9
1370169843680;1.370169843593E9
1370169843730;1.370169843725E9
1370169843922;1.37016984355E9
1370169844511;1.370169844401E9
1370169844536;1.370169844388E9
1370169844830;1.370169844792E9
1370169845488;1.37016984537E9
1370169845583;1.370169845445E9
1370169845938;1.370169845718E9
1370169846006;1.370169845842E9
1370169846459;1.37016984639E9
1370169847128;1.370169847123E9
1370169847186;1.37016984672E9
1370169847211;1.370169846812E9
1370169847443;1.370169847341E9
1370169847557;1.370169847524E9
1370169847735;1.370169847499E9
1370169847808;1.370169847683E9
1370169848076;1.370169847985E9
1370169848424;1.370169848422E9
1370169848659;1.370169848401E9
1370169848777;1.370169848772E9
1370169849067;1.370169849007E9
1370169849257;1.3701698491E9
1370169850010;1.37016984992E9
1370169850016;1.370169849869E9
1370169850123;1.370169849811E9
1370169850160;1.370169849983E9
1370169850587;1.370169850548E9
1370169850699;1.370169850588E9
1370169851024;1.370169850855E9
1370169851377;1.370169851335E9
1370169851747;1.37016985148E9
1370169851845;1.370169850823E9
1370169852029;1.370169851896E9
1370169852297;1.37016985229E9
1370169852524;1.370169852328E9
1370169852892;1.370169851983E9
1370169852897;1.37016985286E9
1370169853182;1.370169853177E9
1370169853289;1.370169852314E9
1370169853339;1.370169852917E9
1370169853446;1.370169853198E9
1370169853457;1.37016985279E9
1370169853687;1.370169853572E9
1370169854022;1.370169853713E9
1370169854327;1.370169854269E9
1370169854781;1.370169854725E9
1370169854959;1.37016985464E9
1370169855000;1.370169854999E9
1370169855018;1.370169854852E9
1370169855124;1.370169855115E9
1370169855126;1.370169854546E9
1370169855452;1.370169855415E9
1370169856692;1.370169856617E9
1370169856821;1.370169856798E9
1370169857210;1.370169857111E9
1370169857451;1.370169857018E9
1370169857859;1.370169857818E9
1370169858055;1.370169858046E9
1370169858198;1.370169858128E9
1370169858361;1.370169858331E9
1370169858439;1.370169858411E9
1370169858585;1.370169858559E9
1370169858727;1.370169858699E9
1370169858959;1.370169858942E9
1370169859072;1.370169859043E9
1370169859201;1.370169859165E9
1370169859291;1.370169859229E9
1370169859530;1.370169859215E9
1370169859531;1.370169859206E9
1370169860609;1.370169860181E9
1370169860657;1.370169860579E9
1370169860991;1.370169860869E9
1370169861124;1.370169860944E9
1370169861578;1.370169861566E9
1370169861963;1.370169861464E9
1370169861969;1.370169861964E9
1370169862108;1.3701698621E9
1370169862116;1.370169861847E9
1370169862182;1.370169861746E9
1370169862243;1.370169862183E9
1370169862430;1.370169862357E9
1370169862626;1.370169862334E9
1370169863069;1.370169863068E9
1370169863179;1.370169862886E9
1370169863283;1.370169863043E9
1370169863777;1.370169863699E9
1370169863819;1.370169863596E9
1370169864010;1.37016986367E9
1370169864127;1.370169864027E9
1370169864227;1.370169864095E9
1370169865248;1.370169865236E9
1370169865372;1.370169865015E9
1370169865471;1.370169865052E9
1370169865857;1.370169865847E9
1370169865859;1.370169865662E9
1370169866139;1.370169865923E9
1370169866177;1.370169866176E9
1370169866727;1.370169866447E9
1370169866868;1.370169866785E9
1370169867082;1.370169866976E9
1370169867414;1.370169867379E9
1370169867453;1.370169867445E9
1370169867493;1.370169867474E9
1370169867771;1.370169867677E9
1370169867781;1.370169867665E9
1370169867894;1.370169867893E9
1370169868082;1.370169867884E9
1370169868407;1.370169868203E9
1370169868450;1.370169868299E9
1370169868924;1.370169868881E9
1370169869034;1.370169868993E9
1370169869217;1.370169868947E9
1370169869333;1.37016986923E9
1370169869593;1.370169869435E9
1370169869627;1.370169869577E9
1370169869728;1.370169869728E9
1370169869896;1.370169869871E9
1370169869994;1.37016986991E9
1370169870114;1.370169869411E9
1370169870201;1.370169870125E9
1370169870234;1.370169870129E9
1370169870838;1.370169870749E9
1370169871143;1.370169870945E9
1370169871166;1.370169871123E9
1370169871351;1.370169871217E9
1370169871397;1.370169871311E9
1370169871587;1.37016987158E9
1370169871937;1.370169871847E9
1370169872030;1.370169871563E9
1370169872136;1.370169872087E9
1370169872344;1.370169872105E9
1370169872480;1.37016987242E9
1370169872540;1.370169872451E9
1370169872570;1.370169872548E9
1370169872897;1.370169872874E9
1370169872960;1.37016987288E9
1370169874102;1.370169873986E9
1370169874214;1.370169874039E9
1370169874297;1.370169874249E9
1370169874812;1.370169874731E9
1370169874966;1.370169874868E9
1370169875035;1.37016987486E9
1370169875364;1.370169875243E9
1370169875453;1.370169875334E9
1370169875900;1.37016987581E9
1370169875920;1.37016987585E9
1370169876069;1.370169875988E9
1370169876139;1.370169876113E9
1370169876470;1.37016987647E9
1370169876497;1.37016987635E9
1370169876597;1.370169876414E9
1370169876704;1.370169876683E9
1370169876707;1.370169876195E9
1370169876859;1.37016987679E9
1370169876960;1.37016987695E9
1370169877184;1.37016987718E9
1370169877705;1.370169877641E9
1370169877874;1.370169877436E9
1370169877998;1.370169877936E9
1370169878051;1.370169878038E9
1370169878166;1.370169878093E9
1370169878434;1.370169878432E9
1370169878522;1.370169878517E9
1370169878694;1.370169878497E9
1370169878754;1.370169878548E9
1370169879216;1.370169879065E9
1370169879318;1.37016987909E9
1370169879523;1.370169879518E9
1370169879578;1.370169879569E9
1370169879627;1.370169879381E9
1370169880190;1.370169880148E9
1370169880653;1.370169880633E9
1370169880899;1.370169880747E9
1370169881059;1.370169880979E9
1370169881062;1.370169880811E9
1370169881426;1.370169881425E9
1370169881511;1.370169881381E9
1370169881668;1.370169881659E9
1370169881677;1.370169881621E9
1370169881896;1.370169881852E9
1370169882400;1.370169882221E9
1370169882414;1.370169882272E9
1370169882502;1.37016988239E9
1370169883372;1.370169883239E9
1370169883652;1.370169883408E9
1370169883774;1.370169883436E9
1370169884020;1.370169884001E9
1370169884135;1.370169884009E9
1370169884312;1.370169884212E9
1370169884487;1.370169884413E9
1370169884762;1.370169884199E9
1370169884906;1.370169884899E9
1370169884962;1.370169884734E9
1370169884963;1.37016988478E9
1370169885106;1.370169885009E9
1370169885576;1.370169885566E9
1370169885636;1.370169885525E9
1370169886042;1.37016988581E9
1370169886235;1.370169886018E9
1370169886340;1.370169886281E9
1370169886950;1.370169886864E9
1370169887265;1.370169887205E9
1370169887548;1.370169887547E9
1370169888007;1.370169887854E9
1370169888043;1.370169888018E9
1370169888078;1.370169888061E9
1370169888555;1.370169888491E9
1370169889033;1.370169888598E9
1370169889252;1.370169888993E9
1370169889296;1.370169889089E9
1370169889351;1.370169889344E9
1370169889512;1.37016988948E9
1370169889953;1.37016988963E9
1370169890010;1.37016988987E9
1370169890039;1.370169889673E9
1370169890685;1.370169889615E9
1370169890868;1.370169890536E9
1370169890883;1.370169890878E9
1370169891141;1.370169890897E9
1370169891208;1.370169891208E9
1370169891594;1.370169891515E9
1370169891705;1.370169890721E9
1370169891728;1.370169891175E9
1370169891814;1.370169891601E9
1370169891895;1.37016989177E9
1370169891930;1.370169891929E9
1370169892051;1.370169891875E9
1370169892136;1.370169891935E9
1370169892328;1.37016989137E9
1370169892911;1.370169892553E9
1370169892912;1.370169892893E9
1370169893018;1.370169892629E9
1370169893144;1.370169892559E9
1370169893250;1.370169893067E9
1370169893461;1.370169893104E9
1370169893855;1.370169893819E9
1370169893942;1.370169893795E9
1370169894606;1.370169894248E9
1370169894692;1.370169894691E9
1370169894894;1.370169894885E9
1370169895159;1.370169895146E9
1370169895349;1.370169895251E9
1370169895361;1.370169895357E9
1370169895498;1.370169895491E9
1370169895523;1.370169895514E9
1370169895633;1.370169895587E9
1370169895737;1.37016989562E9
1370169896118;1.37016989599E9
1370169896405;1.370169896306E9
1370169896425;1.370169896332E9
1370169896557;1.370169896496E9
1370169897045;1.370169896999E9
1370169897295;1.370169897284E9
1370169897367;1.370169897352E9
1370169897747;1.370169897612E9
1370169898260;1.370169898234E9
1370169898359;1.370169898318E9
1370169898598;1.370169898532E9
1370169898884;1.370169898422E9
1370169898918;1.370169898636E9
1370169898937;1.370169898905E9
1370169899036;1.370169898955E9
1370169899261;1.370169899257E9
1370169899559;1.370169899353E9
1370169899616;1.370169899446E9
1370169899825;1.370169899535E9
1370169899945;1.370169899857E9
1370169900057;1.370169899792E9
1370169900300;1.370169900281E9
1370169900422;1.370169900324E9
1370169900600;1.370169900556E9
1370169900835;1.370169900785E9
1370169900925;1.370169900806E9
1370169901106;1.370169901048E9
1370169901143;1.370169901138E9
1370169901157;1.370169901156E9
1370169901338;1.370169901027E9
1370169901355;1.370169901258E9
1370169901404;1.370169901247E9
1370169901441;1.370169901359E9
1370169901446;1.370169901428E9
1370169902005;1.370169901878E9
1370169902070;1.370169902042E9
1370169902191;1.37016990213E9
1370169902288;1.370169902275E9
1370169902445;1.370169902311E9
1370169902462;1.37016990222E9
1370169902795;1.370169902751E9
1370169903030;1.370169902882E9
1370169903100;1.370169902943E9
1370169903772;1.370169903734E9
1370169903924;1.370169903836E9
1370169903998;1.370169903988E9
1370169904117;1.370169904108E9
1370169904141;1.370169904136E9
1370169904191;1.370169904039E9
1370169904279;1.370169904225E9
1370169904464;1.370169904406E9
1370169904638;1.370169904567E9
1370169904892;1.370169904798E9
1370169905210;1.370169904937E9
1370169905427;1.370169905321E9
1370169905645;1.370169905609E9
1370169905847;1.370169905844E9
1370169905883;1.370169905686E9
1370169906163;1.370169905929E9
1370169906395;1.370169906268E9
1370169906556;1.370169906513E9
1370169906871;1.370169906778E9
1370169907146;1.370169907107E9
1370169907580;1.370169907467E9
1370169907712;1.370169907644E9
1370169907714;1.370169907663E9
1370169907762;1.370169907699E9
1370169907766;1.37016990775E9
1370169907772;1.370169907642E9
1370169907980;1.370169907967E9
1370169908007;1.370169907982E9
1370169908569;1.370169908547E9
1370169908677;1.370169908667E9
1370169908891;1.370169908761E9
1370169909491;1.370169909061E9
1370169910015;1.370169909756E9
1370169910047;1.370169909354E9
1370169910174;1.370169909346E9
1370169910245;1.37016990996E9
1370169910290;1.370169909534E9
1370169910392;1.370169910391E9
1370169910570;1.370169908934E9
1370169910761;1.37016991068E9
1370169910832;1.370169910774E9
1370169910939;1.37016991093E9
1370169911141;1.370169910999E9
1370169911374;1.370169911364E9
1370169911737;1.370169911588E9
1370169911962;1.370169911664E9
1370169912116;1.370169911904E9
1370169912149;1.370169911511E9
1370169913006;1.370169912489E9
1370169913320;1.370169913029E9
1370169913565;1.370169912865E9
1370169913763;1.370169913637E9
1370169913881;1.370169913567E9
1370169913891;1.370169913691E9
1370169913898;1.370169913423E9
1370169914385;1.370169914225E9
1370169914609;1.370169914602E9
1370169914630;1.37016991459E9
1370169914738;1.370169914643E9
1370169914944;1.370169914831E9
1370169915451;1.370169915203E9
1370169915550;1.370169915476E9
1370169915808;1.37016991546E9
1370169916073;1.370169915938E9
1370169916266;1.370169916265E9
1370169916699;1.370169916689E9
1370169916702;1.370169916485E9
1370169916992;1.370169916937E9
1370169917524;1.370169917477E9
1370169917806;1.370169917778E9
1370169917854;1.370169917772E9
1370169918079;1.370169918016E9
1370169918296;1.370169918287E9
1370169918321;1.370169917835E9
1370169918501;1.370169918486E9
1370169918778;1.370169918716E9
1370169919157;1.370169919029E9
1370169919753;1.37016991922E9
1370169919860;1.370169919184E9
1370169920217;1.370169919817E9
1370169920232;1.370169919798E9
1370169920234;1.370169919789E9
1370169920263;1.370169920222E9
1370169920315;1.370169920265E9
1370169920479;1.370169919736E9
1370169920798;1.370169920651E9
1370169921149;1.37016992062E9
1370169921200;1.370169920686E9
1370169921327;1.370169920545E9
1370169921363;1.370169920906E9
1370169921434;1.370169920734E9
1370169921449;1.370169920323E9
1370169921782;1.370169921704E9
1370169922006;1.370169921475E9
1370169922034;1.370169922033E9
1370169922331;1.370169922249E9
1370169922521;1.370169922466E9
1370169922716;1.370169922072E9
1370169923153;1.370169923122E9
1370169923196;1.370169923024E9
1370169923318;1.370169923159E9
1370169923421;1.37016992342E9
1370169923662;1.370169923598E9
1370169923669;1.370169923555E9
1370169923751;1.370169923669E9
1370169924052;1.370169924015E9
1370169924157;1.370169924156E9
1370169924321;1.37016992427E9
1370169924575;1.370169924443E9
1370169924622;1.370169924559E9
1370169924773;1.370169924667E9
1370169925056;1.370169924794E9
1370169925088;1.370169924789E9
1370169925104;1.370169925032E9
1370169925112;1.370169924704E9
1370169925232;1.370169924861E9
1370169925250;1.370169924799E9
1370169925352;1.370169925257E9
1370169925474;1.370169925237E9
1370169925486;1.37016992529E9
1370169925654;1.370169924915E9
1370169925670;1.370169925577E9
1370169925912;1.37016992578E9
1370169926113;1.37016992594E9
1370169926407;1.370169926397E9
1370169926588;1.370169926299E9
1370169926671;1.370169926669E9
1370169926758;1.370169926745E9
1370169926832;1.370169926181E9
1370169926915;1.37016992629E9
1370169927317;1.370169927297E9
1370169927375;1.370169927325E9
1370169927403;1.370169927385E9
1370169927527;1.370169927393E9
1370169927835;1.370169927834E9
1370169928301;1.370169928218E9
1370169928490;1.37016992821E9
1370169928525;1.370169927881E9
1370169928563;1.37016992814E9
1370169928595;1.370169928588E9
1370169928685;1.370169928618E9
1370169928743;1.370169928564E9
1370169928851;1.370169928328E9
1370169929169;1.370169928986E9
1370169929189;1.370169929145E9
1370169929212;1.370169928934E9
1370169929396;1.370169929392E9
1370169929997;1.370169929665E9
1370169930094;1.370169929768E9
1370169930328;1.370169929779E9
1370169930615;1.370169930012E9
1370169930624;1.370169930034E9
1370169930808;1.370169929912E9
1370169931170;1.370169930942E9
1370169931196;1.370169931191E9
1370169931281;1.370169930638E9
1370169931409;1.370169930893E9
1370169932319;1.370169932318E9
1370169932321;1.37016993196E9
1370169932518;1.370169932147E9
1370169932895;1.370169932888E9
1370169933049;1.370169932678E9
1370169933287;1.370169932969E9
1370169933700;1.370169933476E9
1370169934460;1.3701699344E9
1370169934897;1.370169933786E9
1370169934970;1.370169934231E9
1370169935209;1.37016993399E9
1370169935432;1.37016993479E9
1370169935486;1.370169934207E9
1370169935532;1.370169935531E9
1370169935640;1.37016993441E9
1370169935644;1.370169935509E9
1370169935778;1.37016993571E9
1370169935884;1.370169935873E9
1370169936431;1.370169936381E9
1370169936652;1.370169936512E9
1370169936713;1.370169936691E9
1370169936777;1.370169936743E9
1370169937115;1.370169936888E9
1370169937310;1.370169936941E9
1370169937686;1.370169937685E9
1370169938199;1.370169938111E9
1370169938440;1.370169938232E9
1370169938645;1.370169938454E9
1370169939039;1.37016993873E9
1370169939145;1.37016993825E9
1370169939227;1.370169938739E9
1370169939420;1.370169938891E9
1370169939606;1.370169939422E9
1370169940021;1.370169939938E9
1370169940438;1.370169940087E9
1370169940652;1.370169940452E9
1370169941425;1.370169941424E9
1370169942193;1.370169942068E9
1370169942493;1.370169942316E9
1370169942546;1.3701699425E9
1370169942839;1.370169942631E9
1370169942869;1.370169942511E9
1370169942944;1.37016994289E9
1370169943053;1.370169943048E9
1370169943060;1.370169942564E9
1370169943103;1.370169943062E9
1370169943271;1.370169943164E9
1370169943569;1.370169943435E9
1370169943619;1.370169943492E9
1370169943642;1.370169943512E9
1370169943659;1.370169943241E9
1370169944067;1.370169944027E9
1370169944691;1.370169944537E9
1370169944692;1.370169944545E9
1370169944861;1.370169944533E9
1370169945062;1.370169944891E9
1370169945169;1.370169945102E9
1370169945200;1.370169944452E9
1370169945219;1.370169945066E9
1370169945524;1.370169945453E9
1370169945693;1.370169945642E9
1370169945711;1.370169945469E9
1370169946129;1.370169945801E9
1370169946248;1.370169945665E9
1370169946349;1.370169945739E9
1370169946481;1.370169946339E9
1370169946706;1.370169946409E9
1370169946757;1.370169946452E9
1370169947104;1.370169947097E9
1370169947232;1.370169946987E9
1370169947280;1.370169947203E9
1370169947590;1.370169947575E9
1370169947781;1.370169947745E9
1370169948098;1.370169947926E9
1370169948167;1.370169948014E9
1370169948407;1.370169948151E9
1370169948449;1.370169948284E9
1370169948527;1.370169948526E9
1370169948621;1.370169948537E9
1370169948997;1.370169948769E9
1370169949160;1.370169949047E9
1370169949276;1.370169949163E9
1370169949295;1.370169949123E9
1370169949514;1.370169949394E9
1370169949542;1.370169949517E9
1370169949565;1.370169949403E9
1370169949822;1.370169949807E9
1370169949831;1.370169949826E9
1370169950112;1.370169950033E9
1370169950378;1.370169950153E9
1370169950494;1.37016995036E9
1370169950656;1.370169950525E9
1370169950874;1.370169950687E9
1370169951016;1.37016995094E9
1370169951091;1.370169951069E9
1370169951287;1.370169950996E9
1370169951288;1.370169951269E9
1370169951726;1.370169951465E9
1370169951747;1.370169951333E9
1370169951770;1.370169951769E9
1370169952379;1.370169952048E9
1370169952923;1.370169951959E9
1370169952992;1.370169952573E9
1370169953224;1.370169953131E9
1370169953238;1.370169952525E9
1370169953271;1.37016995316E9
1370169953665;1.370169953662E9
1370169953736;1.370169953651E9
1370169953757;1.370169953757E9
1370169953803;1.370169952652E9
1370169953840;1.370169953695E9
1370169954324;1.370169954187E9
1370169954368;1.37016995429E9
1370169955219;1.37016995475E9
1370169955295;1.370169954958E9
1370169955375;1.370169954686E9
1370169955695;1.37016995496E9
1370169956024;1.37016995574E9
1370169956117;1.370169956031E9
1370169956190;1.370169956129E9
1370169956699;1.370169956647E9
1370169956705;1.370169956506E9
1370169956755;1.370169956628E9
1370169957017;1.370169957016E9
1370169957312;1.370169956896E9
1370169957517;1.370169957481E9
1370169957601;1.370169957528E9
1370169958040;1.370169957944E9
1370169958079;1.370169957902E9
1370169958113;1.370169957782E9
1370169958852;1.370169958597E9
1370169959360;1.37016995906E9
1370169959620;1.370169958852E9
1370169959636;1.370169959495E9
1370169959673;1.370169959111E9
1370169959677;1.370169959084E9
1370169959779;1.370169959515E9
1370169959962;1.370169959558E9
1370169959980;1.370169959855E9
1370169960415;1.370169960347E9
1370169960691;1.370169960632E9
1370169960930;1.370169960872E9
1370169961113;1.370169961095E9
1370169961620;1.370169961475E9
1370169961961;1.370169961847E9
1370169961964;1.370169961834E9
1370169961976;1.370169961907E9
1370169962128;1.370169962052E9
1370169962292;1.370169962272E9
1370169962406;1.370169962317E9
1370169962634;1.37016996242E9
1370169962863;1.370169962734E9
1370169962905;1.370169962698E9
1370169963060;1.370169963018E9
1370169963191;1.370169963179E9
1370169963784;1.370169963784E9
1370169964024;1.370169963802E9
1370169964090;1.370169964085E9
1370169964308;1.370169963968E9
1370169964315;1.370169964265E9
1370169964783;1.370169964687E9
1370169964947;1.370169964884E9
1370169965752;1.370169965468E9
1370169966071;1.370169965848E9
1370169966260;1.370169966101E9
1370169966803;1.370169966607E9
1370169966836;1.370169966351E9
1370169966904;1.370169966822E9
1370169966914;1.370169966405E9
1370169967079;1.370169967078E9
1370169967184;1.370169967068E9
1370169967218;1.370169967211E9
1370169967404;1.370169967344E9
1370169967419;1.370169967283E9
1370169967584;1.370169967486E9
1370169968133;1.370169967968E9
1370169968632;1.370169968627E9
1370169968769;1.370169968656E9
1370169968895;1.370169968699E9
1370169969012;1.370169968668E9
1370169969227;1.370169968771E9
1370169969474;1.370169969017E9
1370169969746;1.370169969341E9
1370169970034;1.370169969626E9
1370169970320;1.370169969769E9
1370169970324;1.370169970214E9
1370169970478;1.370169970473E9
1370169970728;1.370169970575E9
1370169970963;1.370169970858E9
1370169971080;1.370169970933E9
1370169971218;1.370169971028E9
1370169971409;1.370169971125E9
1370169971668;1.370169971018E9
1370169971690;1.370169971633E9
1370169971959;1.370169971959E9
1370169972184;1.370169972057E9
1370169972263;1.370169972019E9
1370169972541;1.370169972526E9
1370169972790;1.370169972759E9
1370169973250;1.370169973131E9
1370169973493;1.370169973492E9
1370169973833;1.370169973697E9
1370169974022;1.370169973924E9
1370169974329;1.370169974191E9
1370169974635;1.370169974566E9
1370169974896;1.370169974762E9
1370169975022;1.370169975018E9
1370169975064;1.370169974714E9
1370169975196;1.370169974968E9
1370169975207;1.370169975146E9
1370169975286;1.370169975238E9
1370169975308;1.370169975107E9
1370169975751;1.370169975529E9
1370169975907;1.370169975824E9
1370169976158;1.370169976073E9
1370169976222;1.370169976162E9
1370169976639;1.370169976548E9
1370169976820;1.370169976559E9
1370169977163;1.370169977007E9
1370169977644;1.370169977614E9
1370169977919;1.370169977823E9
1370169978013;1.370169977801E9
1370169978015;1.370169978002E9
1370169978304;1.370169978301E9
1370169978415;1.370169978368E9
1370169978691;1.370169978541E9
1370169978774;1.370169978759E9
1370169979048;1.370169978879E9
1370169979094;1.37016997886E9
1370169979399;1.370169979334E9
1370169979518;1.370169979432E9
1370169979558;1.370169979463E9
1370169980091;1.370169980008E9
1370169980673;1.370169980668E9
1370169980825;1.370169980562E9
1370169980890;1.370169980435E9
1370169980975;1.370169980691E9
1370169981341;1.370169981276E9
1370169981349;1.37016998126E9
1370169981427;1.37016998136E9
1370169981659;1.370169981479E9
1370169981784;1.370169981776E9
1370169981934;1.370169981585E9
1370169981982;1.370169981507E9
1370169981992;1.370169981818E9
1370169981996;1.370169981788E9
1370169982248;1.370169982233E9
1370169982656;1.370169982644E9
1370169982670;1.370169982259E9
1370169982695;1.37016998241E9
1370169982998;1.370169982958E9
1370169983186;1.370169983162E9
1370169983381;1.370169983323E9
1370169984178;1.370169984018E9
1370169984669;1.370169984424E9
1370169984898;1.370169984834E9
1370169985035;1.370169984936E9
1370169985098;1.37016998496E9
1370169985411;1.370169985139E9
1370169985686;1.370169985679E9
1370169985706;1.370169985668E9
1370169985805;1.37016998563E9
1370169986189;1.370169986028E9
1370169986292;1.37016998627E9
1370169986389;1.370169986388E9
1370169986584;1.370169986446E9
1370169986837;1.370169986743E9
1370169986879;1.370169986869E9
1370169986911;1.370169986705E9
1370169987005;1.37016998671E9
1370169987116;1.370169987072E9
1370169987458;1.37016998731E9
1370169987480;1.370169987432E9
1370169987486;1.370169987254E9
1370169987832;1.370169987777E9
1370169988105;1.370169987851E9
1370169988259;1.370169988075E9
1370169989007;1.370169988999E9
1370169989062;1.37016998903E9
1370169989822;1.370169989599E9
1370169989936;1.370169989571E9
1370169989951;1.370169989542E9
1370169990215;1.370169990063E9
1370169990281;1.370169990243E9
1370169990408;1.370169990301E9
1370169990482;1.370169990461E9
1370169990544;1.370169990439E9
1370169990740;1.370169990739E9
1370169990769;1.370169990657E9
1370169990942;1.370169990818E9
1370169991206;1.37016999093E9
1370169991601;1.37016999097E9
1370169991817;1.370169991816E9
1370169991844;1.370169991844E9
1370169992007;1.370169992002E9
1370169992124;1.370169991897E9
1370169992204;1.370169991856E9
1370169992222;1.37016999218E9
1370169992246;1.370169992136E9
1370169992325;1.370169992324E9
1370169992713;1.370169992661E9
1370169992976;1.370169992959E9
1370169993047;1.370169992822E9
1370169993187;1.370169993056E9
1370169993232;1.37016999321E9
1370169993485;1.37016999338E9
1370169993849;1.370169993689E9
1370169994270;1.370169994253E9
1370169994380;1.370169994227E9
1370169994393;1.370169994373E9
1370169994501;1.370169994498E9
1370169994922;1.370169994794E9
1370169994989;1.370169994791E9
1370169995101;1.370169994737E9
1370169995118;1.370169994861E9
1370169995224;1.370169994807E9
1370169995236;1.370169995128E9
1370169995345;1.370169995291E9
1370169995491;1.370169995382E9
1370169995864;1.370169995759E9
1370169995982;1.370169995881E9
1370169996469;1.370169996458E9
1370169996536;1.370169996535E9
1370169997180;1.370169997152E9
1370169997449;1.370169997414E9
1370169997508;1.370169997353E9
1370169997512;1.370169997381E9
1370169998212;1.370169998126E9
1370169998226;1.370169998045E9
1370169998293;1.370169998272E9
1370169998411;1.370169998252E9
1370169999192;1.370169999151E9
1370169999501;1.370169999468E9
1370169999641;1.370169999565E9
1370169999878;1.370169999843E9
1370170000182;1.370170000167E9
1370170000242;1.370170000218E9
1370170000346;1.37017000021E9
1370170000996;1.370170000525E9
1370170001046;1.370170000755E9
1370170001369;1.370170001282E9
1370170001372;1.37017000127E9
1370170001560;1.370170001375E9
1370170002067;1.370170002023E9
1370170002078;1.370170001943E9
1370170002134;1.37017000208E9
1370170002638;1.370170002107E9
1370170002689;1.370170002359E9
1370170002838;1.370170002826E9
1370170003009;1.370170002934E9
1370170003022;1.37017000269E9
1370170003125;1.370170003081E9
1370170003128;1.370170003111E9
1370170003182;1.370170003142E9
1370170003292;1.370170003214E9
1370170003374;1.370170003369E9
1370170003616;1.370170003262E9
1370170004329;1.370170004311E9
1370170004428;1.370170004392E9
1370170004489;1.370170004214E9
1370170004490;1.370170004452E9
1370170004638;1.370170004603E9
1370170004719;1.370170004648E9
1370170004735;1.370170004467E9
1370170005066;1.370170004757E9
1370170005071;1.370170004933E9
1370170005231;1.370170005176E9
1370170005659;1.370170005634E9
1370170005726;1.37017000558E9
1370170005775;1.370170005759E9
1370170005964;1.370170005963E9
1370170006579;1.370170006409E9
1370170006671;1.370170006636E9
1370170006727;1.370170006459E9
1370170006971;1.370170006966E9
1370170007232;1.370170007093E9
1370170007342;1.370170007259E9
1370170007366;1.370170006742E9
1370170007536;1.37017000749E9
1370170007958;1.370170007855E9
1370170008690;1.370170008659E9
1370170009055;1.370170009002E9
1370170009114;1.370170009082E9
1370170009304;1.370170009267E9
1370170009598;1.370170009418E9
1370170010128;1.370170010026E9
1370170010328;1.370170009487E9
1370170010467;1.370170010417E9
1370170010579;1.370170009569E9
1370170010670;1.370170009976E9
1370170010890;1.370170010779E9
1370170011111;1.370170010807E9
1370170011416;1.37017001116E9
1370170011797;1.370170011786E9
1370170012466;1.37017001235E9
1370170012549;1.370170012505E9
1370170012745;1.370170012745E9
1370170012747;1.370170012537E9
1370170013041;1.370170013016E9
1370170013112;1.370170013087E9
1370170013318;1.370170013308E9
1370170013368;1.370170013288E9
1370170013704;1.370170013196E9
1370170014434;1.370170014209E9
1370170014471;1.370170013985E9
1370170014478;1.370170014418E9
1370170014658;1.370170014653E9
1370170014743;1.370170014669E9
1370170014846;1.370170014649E9
1370170014918;1.37017001485E9
1370170015087;1.370170015077E9
1370170015103;1.370170015075E9
1370170015315;1.370170015171E9
1370170015524;1.370170015452E9
1370170015728;1.370170015717E9
1370170015734;1.370170015631E9
1370170015887;1.370170015672E9
1370170016358;1.370170016043E9
1370170016363;1.37017001621E9
1370170016412;1.370170016197E9
1370170016413;1.370170016075E9
1370170016642;1.37017001643E9
1370170016998;1.370170016716E9
1370170017108;1.370170016477E9
1370170017139;1.370170017138E9
1370170017236;1.370170017206E9
1370170017511;1.370170017423E9
1370170018135;1.370170018113E9
1370170019001;1.370170018989E9
1370170019679;1.370170019422E9
1370170019716;1.370170019302E9
1370170019761;1.370170019753E9
1370170020491;1.370170020408E9
1370170021077;1.370170021041E9
1370170021515;1.370170021441E9
1370170021576;1.370170021213E9
1370170021858;1.370170021796E9
1370170022105;1.370170021917E9
1370170022526;1.370170022416E9
1370170022712;1.370170021838E9
1370170023420;1.370170023256E9
1370170023535;1.370170023422E9
1370170023801;1.370170023732E9
1370170023887;1.370170023372E9
1370170024302;1.370170023862E9
1370170024527;1.370170024527E9
1370170024613;1.370170024546E9
1370170025116;1.370170025062E9
1370170025173;1.370170025129E9
1370170025744;1.370170025504E9
1370170025794;1.370170025787E9
1370170025890;1.370170025692E9
1370170025935;1.370170025934E9
1370170026007;1.370170025981E9
1370170026082;1.370170025881E9
1370170026258;1.370170026166E9
1370170026322;1.370170026322E9
1370170026937;1.370170026811E9
1370170026954;1.370170026724E9
1370170026991;1.370170026982E9
1370170027291;1.370170027059E9
1370170027396;1.3701700273E9
1370170027535;1.370170027403E9
1370170027551;1.370170027486E9
1370170028016;1.37017002795E9
1370170028268;1.370170028189E9
1370170028345;1.370170028124E9
1370170028382;1.370170028316E9
1370170028540;1.370170028324E9
1370170028690;1.370170028285E9
1370170028911;1.37017002886E9
1370170029001;1.370170028413E9
1370170029089;1.370170028821E9
1370170029187;1.370170029022E9
1370170029548;1.370170029508E9
1370170030264;1.370170030202E9
1370170030275;1.37017003022E9
1370170030371;1.370170030304E9
1370170030589;1.370170030516E9
1370170030630;1.370170030399E9
1370170030740;1.370170030699E9
1370170030745;1.370170030649E9
1370170030753;1.370170030693E9
1370170030904;1.370170030846E9
1370170031717;1.370170031411E9
1370170031800;1.370170030952E9
1370170031958;1.370170031814E9
1370170032442;1.370170032369E9
1370170032513;1.370170032235E9
1370170032770;1.37017003248E9
1370170032790;1.370170032051E9
1370170032843;1.370170032823E9
1370170033115;1.370170032239E9
1370170033157;1.370170032913E9
1370170033833;1.370170033323E9
1370170033927;1.370170033851E9
1370170034217;1.370170034115E9
1370170034501;1.370170034496E9
1370170034629;1.370170034471E9
1370170034804;1.370170034744E9
1370170035787;1.37017003566E9
1370170035933;1.370170035169E9
1370170036266;1.370170036194E9
1370170036708;1.370170036643E9
1370170037035;1.370170036997E9
1370170037353;1.370170037277E9
1370170037659;1.370170037431E9
1370170037688;1.370170037681E9
1370170037792;1.370170037678E9
1370170038065;1.370170037614E9
1370170038098;1.370170037878E9
1370170038147;1.37017003801E9
1370170038410;1.3701700383E9
1370170038533;1.370170038251E9
1370170038687;1.370170038456E9
1370170038736;1.370170038648E9
1370170039111;1.370170039076E9
1370170039143;1.370170038918E9
1370170039288;1.370170039037E9
1370170039504;1.370170039079E9
1370170039577;1.370170039361E9
1370170039585;1.370170039506E9
1370170039590;1.37017003951E9
1370170039802;1.370170039639E9
1370170039828;1.370170039465E9
1370170039939;1.37017003991E9
1370170039939;1.370170038904E9
1370170040029;1.370170039983E9
1370170040945;1.370170040631E9
1370170041001;1.37017004057E9
1370170041243;1.370170041199E9
1370170041349;1.37017004127E9
1370170041638;1.370170041532E9
1370170041648;1.370170041509E9
1370170041736;1.370170041727E9
1370170041941;1.370170041889E9
1370170042042;1.370170042041E9
1370170042464;1.370170042438E9
1370170042549;1.370170042524E9
1370170042558;1.370170042482E9
1370170042737;1.370170042716E9
1370170042779;1.370170042673E9
1370170042870;1.370170042832E9
1370170043266;1.370170043137E9
1370170043295;1.370170043248E9
1370170043331;1.370170043276E9
1370170043462;1.370170043315E9
1370170043687;1.370170043566E9
1370170043811;1.370170043438E9
1370170043963;1.370170043285E9
1370170044067;1.370170044004E9
1370170044072;1.370170043551E9
1370170044204;1.370170044113E9
1370170044797;1.370170044726E9
1370170044839;1.370170044705E9
1370170044882;1.370170044856E9
1370170045446;1.370170045434E9
1370170045635;1.370170045528E9
1370170045732;1.370170045668E9
1370170045774;1.370170045764E9
1370170046514;1.370170046459E9
1370170046907;1.370170046637E9
1370170047292;1.3701700468E9
1370170047899;1.370170047848E9
1370170048551;1.370170048454E9
1370170048622;1.370170048319E9
1370170048755;1.370170048232E9
1370170048890;1.370170048817E9
1370170049257;1.370170048706E9
1370170049291;1.370170048847E9
1370170049305;1.370170049304E9
1370170049922;1.370170049725E9
1370170049969;1.370170049864E9
1370170049986;1.370170049183E9
1370170050402;1.370170050268E9
1370170050429;1.370170050348E9
1370170050451;1.37017005042E9
1370170050801;1.370170050482E9
1370170051033;1.370170050593E9
1370170051083;1.370170051004E9
1370170051287;1.370170051272E9
1370170051442;1.370170051303E9
1370170051765;1.370170051604E9
1370170051896;1.370170051826E9
1370170052215;1.37017005221E9
1370170052348;1.370170051923E9
1370170052379;1.370170051514E9
1370170052561;1.37017005256E9
1370170053006;1.37017005297E9
1370170053285;1.370170052959E9
1370170053555;1.370170052977E9
1370170053714;1.370170053292E9
1370170054235;1.370170054233E9
1370170054306;1.370170054289E9
1370170054527;1.370170054461E9
1370170054762;1.370170054751E9
1370170054990;1.370170054948E9
1370170055056;1.370170055056E9
1370170055113;1.370170055018E9
1370170055378;1.370170055089E9
1370170055491;1.37017005529E9
1370170055678;1.370170055235E9
1370170055710;1.370170055643E9
1370170055843;1.370170055738E9
1370170055934;1.37017005575E9
1370170056224;1.370170056209E9
1370170056315;1.370170056315E9
1370170056331;1.370170056238E9
1370170056790;1.370170056768E9
1370170056942;1.370170056836E9
1370170057085;1.370170057073E9
1370170057830;1.370170057675E9
1370170058426;1.37017005809E9
1370170058431;1.370170058289E9
1370170058484;1.370170058484E9
1370170058490;1.37017005845E9
1370170058821;1.370170058793E9
1370170059033;1.370170059033E9
1370170059118;1.370170059034E9
1370170059300;1.37017005924E9
1370170059381;1.370170059349E9
1370170059716;1.370170059359E9
1370170059956;1.370170059947E9
1370170060388;1.370170059957E9
1370170060635;1.370170060548E9
1370170060663;1.370170060603E9
1370170060681;1.370170060553E9
1370170060714;1.370170060396E9
1370170060960;1.370170060922E9
1370170061149;1.370170061106E9
1370170061562;1.370170061441E9
1370170061669;1.37017006151E9
1370170061843;1.370170061759E9
1370170062035;1.370170061939E9
1370170062362;1.370170062315E9
1370170062447;1.370170062125E9
1370170062639;1.370170062485E9
1370170062802;1.370170062527E9
1370170062811;1.370170062529E9
1370170063234;1.370170062701E9
1370170063358;1.37017006327E9
1370170063377;1.370170062833E9
1370170063389;1.370170063361E9
1370170063813;1.370170063793E9
1370170063933;1.370170063913E9
1370170064443;1.370170064381E9
1370170064496;1.37017006445E9
1370170065097;1.370170065028E9
1370170065400;1.370170065284E9
1370170065461;1.370170065211E9
1370170065654;1.370170065604E9
1370170065739;1.370170065738E9
1370170066067;1.37017006573E9
1370170066091;1.370170065612E9
1370170066121;1.37017006574E9
1370170066743;1.370170066699E9
1370170067401;1.37017006729E9
1370170067737;1.370170067671E9
1370170067938;1.370170067904E9
1370170068020;1.370170067916E9
1370170068245;1.370170068218E9
1370170068311;1.370170068304E9
1370170068612;1.370170068402E9
1370170068705;1.370170068389E9
1370170068802;1.370170068623E9
1370170069129;1.370170068462E9
1370170069182;1.370170068972E9
1370170069490;1.370170069353E9
1370170069746;1.370170069703E9
1370170069865;1.370170069639E9
1370170069871;1.370170069813E9
1370170069949;1.370170069394E9
1370170070068;1.370170069941E9
1370170070747;1.370170070716E9
1370170070816;1.370170070805E9
1370170071103;1.370170071078E9
1370170071336;1.370170071126E9
1370170071397;1.370170071395E9
1370170071683;1.370170071502E9
1370170071768;1.370170071547E9
1370170071770;1.370170071718E9
1370170071827;1.370170071742E9
1370170071867;1.370170071585E9
1370170072117;1.370170072044E9
1370170072152;1.370170072007E9
1370170072314;1.370170071926E9
1370170072684;1.370170072467E9
1370170072827;1.370170072452E9
1370170072999;1.370170072998E9
1370170073039;1.370170072859E9
1370170073425;1.370170073416E9
1370170074354;1.370170074282E9
1370170074445;1.370170074428E9
1370170074752;1.370170074705E9
1370170074874;1.37017007467E9
1370170075294;1.370170075169E9
1370170075591;1.370170075214E9
1370170075792;1.370170075791E9
1370170075869;1.370170075156E9
1370170076008;1.370170075561E9
1370170076127;1.370170075974E9
1370170076264;1.370170076244E9
1370170076551;1.370170076152E9
1370170076956;1.370170076838E9
1370170076959;1.370170076811E9
1370170077299;1.370170077284E9
1370170077308;1.370170077054E9
1370170077713;1.370170075405E9
1370170077755;1.37017007767E9
1370170077817;1.370170077817E9
1370170077855;1.37017007785E9
1370170078083;1.370170078083E9
1370170078154;1.370170077949E9
1370170079001;1.370170078824E9
1370170079111;1.370170078933E9
1370170079159;1.370170079159E9
1370170079319;1.370170079192E9
1370170079474;1.370170079305E9
1370170079620;1.370170079538E9
1370170079812;1.370170079808E9
1370170079839;1.370170079839E9
1370170080141;1.370170080043E9
1370170080183;1.370170080159E9
1370170080590;1.370170080577E9
1370170080954;1.370170080951E9
1370170081249;1.370170081109E9
1370170081360;1.37017008063E9
1370170081524;1.370170081024E9
1370170081788;1.370170081415E9
1370170081845;1.37017008151E9
1370170081909;1.370170080937E9
1370170082208;1.370170082075E9
1370170082278;1.370170082239E9
1370170082454;1.370170082364E9
1370170082525;1.370170082516E9
1370170082546;1.370170082539E9
1370170082684;1.370170082684E9
1370170083904;1.370170083879E9
1370170084239;1.370170084171E9
1370170084638;1.370170084343E9
1370170084940;1.370170083993E9
1370170085190;1.370170084788E9
1370170085245;1.370170084895E9
1370170085384;1.370170084898E9
1370170085451;1.370170084128E9
1370170085603;1.370170085436E9
1370170085616;1.370170085299E9
1370170085733;1.37017008572E9
1370170086013;1.370170085966E9
1370170086040;1.370170085817E9
1370170086102;1.370170086095E9
1370170086465;1.370170086379E9
1370170086568;1.37017008654E9
1370170086898;1.370170086858E9
1370170086961;1.37017008693E9
1370170087717;1.370170087714E9
1370170087921;1.370170087151E9
1370170088040;1.370170088035E9
1370170088181;1.370170088176E9
1370170088231;1.370170087345E9
1370170088290;1.370170088151E9
1370170089188;1.370170088891E9
1370170089403;1.370170089E9
1370170089617;1.370170089612E9
1370170089718;1.370170088737E9
1370170089987;1.370170089958E9
1370170090069;1.37017009005E9
1370170090173;1.370170089952E9
1370170090495;1.370170090435E9
1370170090955;1.370170090909E9
1370170091200;1.370170091022E9
1370170091628;1.370170091379E9
1370170091936;1.370170091477E9
1370170092960;1.370170092896E9
1370170093021;1.370170093017E9
1370170093564;1.370170093231E9
1370170094309;1.370170094292E9
1370170094311;1.370170094113E9
1370170094547;1.370170094412E9
1370170094654;1.370170094419E9
1370170094932;1.370170094927E9
1370170095110;1.370170094979E9
1370170095664;1.370170095442E9
1370170095676;1.370170095665E9
1370170095679;1.370170095435E9
1370170095762;1.370170095741E9
1370170096100;1.370170095699E9
1370170096267;1.370170096161E9
1370170096403;1.370170096403E9
1370170096672;1.370170096603E9
1370170096719;1.370170096643E9
1370170096824;1.370170096775E9
1370170096932;1.370170096842E9
1370170097193;1.370170097146E9
1370170097234;1.370170096922E9
1370170097283;1.370170097238E9
1370170097765;1.37017009776E9
1370170097832;1.370170097782E9
1370170097986;1.370170097888E9
1370170098102;1.370170098102E9
1370170098121;1.370170097466E9
1370170098572;1.370170097895E9
1370170098821;1.370170098681E9
1370170098911;1.370170098889E9
1370170098961;1.370170098766E9
1370170099137;1.370170099097E9
1370170099394;1.370170099336E9
1370170099735;1.370170099573E9
1370170100031;1.37017009995E9
1370170100068;1.370170100059E9
1370170100405;1.370170100284E9
1370170100430;1.370170100391E9
1370170100472;1.370170100364E9
1370170100973;1.370170100972E9
1370170101197;1.370170101103E9
1370170102144;1.37017010154E9
1370170102180;1.370170101253E9
1370170102324;1.370170102319E9
1370170102499;1.37017010235E9
1370170102745;1.370170102737E9
1370170103010;1.370170102749E9
1370170103049;1.370170102998E9
1370170103225;1.370170102424E9
1370170103517;1.370170103515E9
1370170103635;1.370170102334E9
1370170104333;1.370170102673E9
1370170104373;1.370170104159E9
1370170104859;1.370170102096E9
1370170104896;1.370170104347E9
1370170104927;1.3701701028E9
1370170104981;1.370170104928E9
1370170105563;1.370170105556E9
1370170105676;1.370170105363E9
1370170105713;1.370170105512E9
1370170105798;1.370170105797E9
1370170106099;1.370170105579E9
1370170106195;1.370170106142E9
1370170106302;1.370170105847E9
1370170106664;1.37017010594E9
1370170106698;1.370170106236E9
1370170106719;1.370170106104E9
1370170106960;1.37017010634E9
1370170107008;1.370170106454E9
1370170107163;1.370170106873E9
1370170107741;1.370170107492E9
1370170107869;1.370170107743E9
1370170107979;1.370170107922E9
1370170108053;1.370170108023E9
1370170108124;1.370170108056E9
1370170108229;1.370170108034E9
1370170108358;1.370170108257E9
1370170108418;1.370170108254E9
1370170108458;1.370170108298E9
1370170108712;1.370170108699E9
1370170108878;1.370170108791E9
1370170109196;1.370170109195E9
1370170109349;1.370170109254E9
1370170109397;1.370170109363E9
1370170110134;1.370170110094E9
1370170110194;1.370170110187E9
1370170110199;1.370170110135E9
1370170110337;1.37017011027E9
1370170110352;1.370170110212E9
1370170110597;1.370170110506E9
1370170111076;1.370170111061E9
1370170111265;1.370170111237E9
1370170111299;1.370170111207E9
1370170111487;1.370170111328E9
1370170111548;1.370170111438E9
1370170111621;1.370170111601E9
1370170111990;1.370170111843E9
1370170111995;1.37017011184E9
1370170112115;1.370170112112E9
1370170112119;1.370170111827E9
1370170112164;1.370170112141E9
1370170112332;1.370170112256E9
1370170112580;1.370170112494E9
1370170112607;1.370170112396E9
1370170112963;1.370170112754E9
1370170113108;1.370170112985E9
1370170113255;1.370170113169E9
1370170113336;1.370170112963E9
1370170113385;1.370170113318E9
1370170113827;1.370170113793E9
1370170113952;1.370170113842E9
1370170114492;1.370170114404E9
1370170114798;1.370170114244E9
1370170114804;1.370170114799E9
1370170114977;1.370170114837E9
1370170115203;1.370170114691E9
1370170115356;1.37017011463E9
1370170115433;1.370170114829E9
1370170115457;1.370170115178E9
1370170115758;1.37017011551E9
1370170115828;1.370170115603E9
1370170115888;1.370170115877E9
1370170116030;1.370170115901E9
1370170116287;1.370170116286E9
1370170116300;1.370170116185E9
1370170116495;1.370170116385E9
1370170117223;1.370170117192E9
1370170117248;1.370170117239E9
1370170117524;1.370170117314E9
1370170117583;1.370170117539E9
1370170117947;1.37017011775E9
1370170118004;1.370170117928E9
1370170118307;1.370170118134E9
1370170118320;1.370170118188E9
1370170118467;1.370170118437E9
1370170118669;1.370170118498E9
1370170118743;1.370170118422E9
1370170118993;1.370170118976E9
1370170119277;1.370170119276E9
1370170119852;1.370170119569E9
1370170120039;1.370170119912E9
1370170120724;1.37017012036E9
1370170120796;1.370170120546E9
1370170120811;1.370170120576E9
1370170121052;1.370170120918E9
1370170121149;1.370170121134E9
1370170121310;1.37017012122E9
1370170121379;1.370170121329E9
1370170121542;1.370170121519E9
1370170121687;1.370170121656E9
1370170121746;1.370170121644E9
1370170121768;1.370170121755E9
1370170121774;1.370170121773E9
1370170121847;1.370170121834E9
1370170121911;1.37017012191E9
1370170122005;1.370170121855E9
1370170122746;1.370170122635E9
1370170123162;1.370170123017E9
1370170123484;1.370170123474E9
1370170123534;1.370170123478E9
1370170124010;1.370170123986E9
1370170124232;1.370170123819E9
1370170124236;1.370170124001E9
1370170124304;1.370170123817E9
1370170124391;1.370170124356E9
1370170124410;1.370170124278E9
1370170124512;1.370170123952E9
1370170124725;1.370170124623E9
1370170124731;1.370170124669E9
1370170124848;1.370170124524E9
1370170124963;1.370170124695E9
1370170124967;1.370170124952E9
1370170125114;1.370170125058E9
1370170125206;1.370170125147E9
1370170125528;1.370170125417E9
1370170125580;1.370170125549E9
1370170125623;1.370170125616E9
1370170125911;1.370170125865E9
1370170126009;1.370170125981E9
1370170126346;1.370170126235E9
1370170126420;1.37017012642E9
1370170126703;1.370170126678E9
1370170126982;1.370170126919E9
1370170127351;1.37017012733E9
1370170127418;1.370170127377E9
1370170127782;1.37017012777E9
1370170127877;1.370170127852E9
1370170128091;1.370170128016E9
1370170128454;1.370170128347E9
1370170129011;1.370170128601E9
1370170129054;1.370170128987E9
1370170129073;1.370170128685E9
1370170129448;1.370170129357E9
1370170129740;1.370170129609E9
1370170129890;1.370170129794E9
1370170130157;1.370170130142E9
1370170130446;1.37017013032E9
1370170130734;1.370170130592E9
1370170130746;1.370170130553E9
1370170130763;1.370170130385E9
1370170130783;1.370170130519E9
1370170131304;1.370170131194E9
1370170131366;1.370170131166E9
1370170131544;1.370170131485E9
1370170131675;1.370170131645E9
1370170131711;1.370170131679E9
1370170132296;1.370170132023E9
1370170132336;1.370170131809E9
1370170132691;1.370170131954E9
1370170132711;1.370170132534E9
1370170133082;1.37017013226E9
1370170133156;1.370170132726E9
1370170133281;1.37017013326E9
1370170133288;1.370170133283E9
1370170133509;1.370170133501E9
1370170134004;1.370170133452E9
1370170134228;1.370170134228E9
1370170134539;1.370170134331E9
1370170134952;1.370170134527E9
1370170135208;1.370170134617E9
1370170135332;1.370170134921E9
1370170135423;1.370170134927E9
1370170135776;1.370170135661E9
1370170135796;1.370170135313E9
1370170136018;1.370170135966E9
1370170136348;1.370170136122E9
1370170136395;1.370170136272E9
1370170136478;1.370170136463E9
1370170136799;1.370170136753E9
1370170137107;1.370170136812E9
1370170137769;1.370170137744E9
1370170138099;1.370170137696E9
1370170139079;1.370170139074E9
1370170139360;1.370170139174E9
1370170139943;1.370170139717E9
1370170140022;1.370170139481E9
1370170140050;1.370170139524E9
1370170140113;1.370170140041E9
1370170140132;1.370170140059E9
1370170140389;1.370170140358E9
1370170141375;1.370170141206E9
1370170141559;1.370170141463E9
1370170141710;1.370170141427E9
1370170141802;1.370170141801E9
1370170141812;1.37017014181E9
1370170141886;1.370170141763E9
1370170141992;1.370170141985E9
1370170142370;1.370170142157E9
1370170142380;1.370170142138E9
1370170142671;1.370170142482E9
1370170142955;1.370170142863E9
1370170143224;1.370170143165E9
1370170143257;1.370170143097E9
1370170143474;1.370170143409E9
1370170143817;1.370170143158E9
1370170143817;1.370170142751E9
1370170144171;1.370170144022E9
1370170144187;1.370170144162E9
1370170144388;1.370170144272E9
1370170144774;1.370170144697E9
1370170144930;1.370170144443E9
1370170144953;1.370170144905E9
1370170145045;1.37017014471E9
1370170145079;1.370170144966E9
1370170145194;1.370170145108E9
1370170145252;1.370170144978E9
1370170145748;1.370170145745E9
1370170145778;1.370170145201E9
1370170145933;1.370170145676E9
1370170146257;1.370170145358E9
1370170146423;1.370170146121E9
1370170146478;1.370170146133E9
1370170146520;1.370170146196E9
1370170146669;1.370170146378E9
1370170146866;1.370170146216E9
1370170147201;1.370170147069E9
1370170147359;1.370170147358E9
1370170147434;1.370170146938E9
1370170147732;1.370170147557E9
1370170147762;1.37017014751E9
1370170147992;1.370170147189E9
1370170148147;1.370170148015E9
1370170148582;1.370170148464E9
1370170148599;1.370170148263E9
1370170148621;1.370170148618E9
1370170148634;1.370170148376E9
1370170148777;1.37017014867E9
1370170148843;1.370170148712E9
1370170148955;1.370170148564E9
1370170148975;1.370170148897E9
1370170148979;1.370170148865E9
1370170149516;1.370170149407E9
1370170149895;1.370170149831E9
1370170149942;1.370170149935E9
1370170150013;1.370170149802E9
1370170150110;1.370170149814E9
1370170150493;1.370170150359E9
1370170150659;1.370170150388E9
1370170150723;1.370170150693E9
1370170150908;1.370170150868E9
1370170152025;1.370170152024E9
1370170152264;1.370170151969E9
1370170152294;1.370170152185E9
1370170152581;1.370170152523E9
1370170152730;1.37017015253E9
1370170152776;1.370170152591E9
1370170152936;1.370170152931E9
1370170153171;1.370170153018E9
1370170153363;1.370170153138E9
1370170153620;1.370170153314E9
1370170153881;1.370170153881E9
1370170154023;1.37017015341E9
1370170154288;1.370170154127E9
1370170154726;1.370170154698E9
1370170155029;1.370170154823E9
1370170155113;1.370170155039E9
1370170155410;1.370170155163E9
1370170155428;1.370170155014E9
1370170155462;1.370170155183E9
1370170155618;1.370170155511E9
1370170155691;1.370170155651E9
1370170156025;1.370170155895E9
1370170156086;1.370170155622E9
1370170156121;1.370170155749E9
1370170156349;1.370170156252E9
1370170156352;1.370170156316E9
1370170156825;1.370170156756E9
1370170157035;1.370170156916E9
1370170157206;1.37017015713E9
1370170157268;1.37017015724E9
1370170158162;1.370170158019E9
1370170158322;1.370170158242E9
1370170158372;1.370170158333E9
1370170158682;1.370170158233E9
1370170158954;1.370170158829E9
1370170158996;1.370170158991E9
1370170159115;1.37017015852E9
1370170159410;1.370170158753E9
1370170159533;1.370170159507E9
1370170159609;1.370170159487E9
1370170159887;1.370170159863E9
1370170160096;1.370170160026E9
1370170160699;1.370170160612E9
1370170160826;1.370170160656E9
1370170161083;1.370170161041E9
1370170161472;1.370170161306E9
1370170161768;1.37017016098E9
1370170162222;1.370170162192E9
1370170162574;1.370170161479E9
1370170162695;1.370170161854E9
1370170162748;1.370170162634E9
1370170162912;1.370170160919E9
1370170163134;1.370170163044E9
1370170163250;1.370170163119E9
1370170163793;1.370170163444E9
1370170163800;1.370170163627E9
1370170163887;1.370170163345E9
1370170164004;1.3701701635E9
1370170164103;1.370170164099E9
1370170164318;1.370170164157E9
1370170164432;1.370170164427E9
1370170164615;1.370170164531E9
1370170165268;1.370170165261E9
1370170165494;1.370170165472E9
1370170165789;1.370170165544E9
1370170166133;1.370170165941E9
1370170166218;1.370170165085E9
1370170166422;1.37017016591E9
1370170166497;1.370170166401E9
1370170166539;1.370170166295E9
1370170167052;1.370170167047E9
1370170167091;1.370170166778E9
1370170167339;1.370170167155E9
1370170167954;1.370170167842E9
1370170168011;1.370170167988E9
1370170168438;1.370170168178E9
1370170168489;1.370170168226E9
1370170168513;1.370170167884E9
1370170168899;1.370170168872E9
1370170169140;1.370170168983E9
1370170169585;1.370170168643E9
1370170169659;1.370170169521E9
1370170169826;1.370170169713E9
1370170169932;1.370170169931E9
1370170169953;1.370170169933E9
1370170169975;1.370170169965E9
1370170170328;1.370170170118E9
1370170170643;1.370170170281E9
1370170170781;1.37017017076E9
1370170171580;1.370170171535E9
1370170172487;1.370170172329E9
1370170172520;1.370170172496E9
1370170172835;1.370170172636E9
1370170172939;1.370170172503E9
1370170173321;1.370170173051E9
1370170173419;1.370170172819E9
1370170173841;1.370170173797E9
1370170173903;1.370170173852E9
1370170174001;1.370170173952E9
1370170174129;1.370170173924E9
1370170174335;1.370170174162E9
1370170174370;1.37017017396E9
1370170174561;1.370170174561E9
1370170175756;1.370170175725E9
1370170175805;1.370170175709E9
1370170176299;1.370170176277E9
1370170176332;1.370170176331E9
1370170176345;1.370170176318E9
1370170176555;1.370170176478E9
1370170176570;1.370170176565E9
1370170176848;1.370170176706E9
1370170176931;1.37017017663E9
1370170177083;1.370170176544E9
1370170177316;1.370170177207E9
1370170177355;1.370170177188E9
1370170178517;1.370170178426E9
1370170178618;1.370170178571E9
1370170178652;1.370170178627E9
1370170178673;1.370170178639E9
1370170179164;1.370170179133E9
1370170179392;1.370170178989E9
1370170179479;1.370170179477E9
1370170180092;1.370170179608E9
1370170180106;1.370170179994E9
1370170180117;1.370170180044E9
1370170180498;1.370170180496E9
1370170180676;1.370170180584E9
1370170181056;1.370170181055E9
1370170181291;1.370170180575E9
1370170181311;1.370170180745E9
1370170181478;1.370170181106E9
1370170182036;1.370170181863E9
1370170182324;1.370170182242E9
1370170182563;1.370170182358E9
1370170182982;1.370170182713E9
1370170183047;1.370170182809E9
1370170183138;1.370170182902E9
1370170183289;1.370170183191E9
1370170183473;1.370170183429E9
1370170183733;1.370170183712E9
1370170184242;1.370170184199E9
1370170184245;1.370170184179E9
1370170184327;1.370170184277E9
1370170184642;1.370170184258E9
1370170184782;1.370170184756E9
1370170185406;1.370170184895E9
1370170185517;1.37017018543E9
1370170185710;1.370170185675E9
1370170185838;1.370170185782E9
1370170186492;1.370170186461E9
1370170186763;1.370170186381E9
1370170186875;1.370170186348E9
1370170186993;1.370170186974E9
1370170187089;1.370170185992E9
1370170187140;1.37017018711E9
1370170187590;1.370170187534E9
1370170187731;1.370170187666E9
1370170187880;1.370170187283E9
1370170188024;1.370170187522E9
1370170188044;1.370170187716E9
1370170188068;1.370170187976E9
1370170188416;1.370170188358E9
1370170188430;1.370170187643E9
1370170188564;1.370170188449E9
1370170188742;1.370170188521E9
1370170188860;1.370170188833E9
1370170189090;1.370170189073E9
1370170189232;1.370170189178E9
1370170189416;1.370170189001E9
1370170189417;1.370170188787E9
1370170189552;1.370170189331E9
1370170189616;1.370170189019E9
1370170189887;1.370170189854E9
1370170190217;1.370170190195E9
1370170190786;1.37017019071E9
1370170190890;1.370170190671E9
1370170191465;1.370170191327E9
1370170191727;1.370170191066E9
1370170192537;1.370170192109E9
1370170192777;1.370170192685E9
1370170193055;1.370170192835E9
1370170193273;1.370170192257E9
1370170194072;1.370170193928E9
1370170194162;1.370170194136E9
1370170194446;1.370170194388E9
1370170194655;1.37017019463E9
1370170195022;1.370170194731E9
1370170195149;1.370170194721E9
1370170195803;1.370170194702E9
1370170195904;1.370170195218E9
1370170195911;1.370170195495E9
1370170196061;1.37017019563E9
1370170196161;1.370170195482E9
1370170196540;1.37017019647E9
1370170196563;1.370170196123E9
1370170196736;1.370170196268E9
1370170196844;1.370170196843E9
1370170196891;1.370170196162E9
1370170197245;1.370170197136E9
1370170197529;1.370170197324E9
1370170197785;1.370170197568E9
1370170197836;1.370170197677E9
1370170198629;1.3701701986E9
1370170198660;1.370170197872E9
1370170199782;1.370170199467E9
1370170199930;1.37017019975E9
1370170200066;1.370170200055E9
1370170200235;1.370170199861E9
1370170200490;1.370170199524E9
1370170200494;1.370170200007E9
1370170200623;1.370170199969E9
1370170200685;1.370170200601E9
1370170200708;1.370170200687E9
1370170200789;1.370170200693E9
1370170201190;1.370170200365E9
1370170201627;1.370170200896E9
1370170201695;1.37017020148E9
1370170201777;1.370170200838E9
1370170201790;1.37017020077E9
1370170202051;1.37017020182E9
1370170202534;1.370170202468E9
1370170202617;1.370170201829E9
1370170203018;1.370170202265E9
1370170203107;1.370170203027E9
1370170203123;1.370170203007E9
1370170203178;1.370170202269E9
1370170203319;1.370170203302E9
1370170203459;1.370170203363E9
1370170203464;1.370170203398E9
1370170203800;1.370170203689E9
1370170203916;1.370170203823E9
1370170204217;1.370170203718E9
1370170204364;1.370170204304E9
1370170204418;1.370170204161E9
1370170204421;1.370170204026E9
1370170204437;1.370170204241E9
1370170204498;1.370170204497E9
1370170204901;1.370170204868E9
1370170204918;1.370170204814E9
1370170205046;1.370170204986E9
1370170205358;1.370170205333E9
1370170205462;1.370170205442E9
1370170206110;1.370170206105E9
1370170206139;1.37017020609E9
1370170206192;1.370170205858E9
1370170206257;1.370170206165E9
1370170206283;1.370170206023E9
1370170206309;1.370170205875E9
1370170206412;1.370170206233E9
1370170206592;1.370170206375E9
1370170206946;1.370170206776E9
1370170207171;1.370170207146E9
1370170207266;1.370170207243E9
1370170207665;1.370170207342E9
1370170207986;1.370170207721E9
1370170208019;1.370170207556E9
1370170208185;1.370170207812E9
1370170208241;1.370170208107E9
1370170208504;1.370170207274E9
1370170208684;1.370170208623E9
1370170208759;1.370170208706E9
1370170208905;1.37017020888E9
1370170208955;1.37017020887E9
1370170208991;1.370170208838E9
1370170209201;1.370170209122E9
1370170209612;1.370170209601E9
1370170209985;1.370170209926E9
1370170210060;1.370170209965E9
1370170210098;1.370170210078E9
1370170210308;1.370170210183E9
1370170210323;1.370170210294E9
1370170210639;1.370170210493E9
1370170210756;1.370170210731E9
1370170211151;1.370170211113E9
1370170211538;1.370170211435E9
1370170211652;1.370170211637E9
1370170211986;1.370170211946E9
1370170212292;1.370170212066E9
1370170212360;1.370170212349E9
1370170212787;1.370170212563E9
1370170212878;1.370170212689E9
1370170213102;1.370170213057E9
1370170213252;1.370170213149E9
1370170213595;1.370170213585E9
1370170213676;1.370170212821E9
1370170213712;1.370170213707E9
1370170213719;1.370170213497E9
1370170213939;1.370170213915E9
1370170214005;1.37017021392E9
1370170214017;1.370170213917E9
1370170214214;1.370170214213E9
1370170214284;1.370170214097E9
1370170214692;1.370170214552E9
1370170214727;1.370170214725E9
1370170214962;1.370170214574E9
1370170215075;1.370170214744E9
1370170215189;1.37017021518E9
1370170215225;1.370170215013E9
1370170215328;1.370170215082E9
1370170215963;1.370170215661E9
1370170216078;1.370170216069E9
1370170216257;1.370170216246E9
1370170216334;1.37017021633E9
1370170216480;1.370170216213E9
1370170216483;1.370170216365E9
1370170216756;1.370170216689E9
1370170216856;1.370170216272E9
1370170216986;1.370170216952E9
1370170217765;1.370170217656E9
1370170218571;1.370170218566E9
1370170218800;1.370170218641E9
1370170219013;1.370170218993E9
1370170219165;1.370170219097E9
1370170219201;1.37017021913E9
1370170219383;1.370170219252E9
1370170219447;1.37017021942E9
1370170219600;1.370170219533E9
1370170219847;1.370170219684E9
1370170220054;1.370170219545E9
1370170220227;1.370170220205E9
1370170220357;1.370170220354E9
1370170220394;1.370170220228E9
1370170220499;1.370170220424E9
1370170220514;1.370170220504E9
1370170220697;1.370170220637E9
1370170220760;1.37017022072E9
1370170221090;1.370170221062E9
1370170221178;1.370170220874E9
1370170221261;1.370170220988E9
1370170221560;1.370170221125E9
1370170221688;1.370170221459E9
1370170221948;1.370170221808E9
1370170222076;1.370170221972E9
1370170222248;1.370170222201E9
1370170222404;1.370170222393E9
1370170222432;1.370170222416E9
1370170223205;1.370170222956E9
1370170223518;1.370170223513E9
1370170223553;1.370170223415E9
1370170223697;1.370170223433E9
1370170224055;1.370170223851E9
1370170224063;1.370170224011E9
1370170224088;1.370170223952E9
1370170224373;1.370170224354E9
1370170224528;1.370170224526E9
1370170224736;1.370170224707E9
1370170224823;1.370170224684E9
1370170224837;1.370170224773E9
1370170224874;1.370170224872E9
1370170225053;1.370170224852E9
1370170225215;1.370170225215E9
1370170225328;1.37017022501E9
1370170225357;1.370170225352E9
1370170225384;1.370170225342E9
1370170225772;1.370170225742E9
1370170226052;1.370170225802E9
1370170226057;1.370170226054E9
1370170226134;1.37017022581E9
1370170226692;1.370170226663E9
1370170227017;1.370170226701E9
1370170227036;1.370170226948E9
1370170227127;1.370170226816E9
1370170227240;1.370170226871E9
1370170227879;1.370170227849E9
1370170227899;1.370170227754E9
1370170228278;1.37017022824E9
1370170228556;1.370170228317E9
1370170228674;1.370170228447E9
1370170229098;1.370170228726E9
1370170229267;1.37017022834E9
1370170229311;1.370170228129E9
1370170229804;1.370170229785E9
1370170229810;1.370170229367E9
1370170229811;1.370170228199E9
1370170230004;1.370170229977E9
1370170230060;1.37017023006E9
1370170230347;1.370170230035E9
1370170230384;1.370170230197E9
1370170230949;1.370170230094E9
1370170231182;1.370170230914E9
1370170231320;1.370170230971E9
1370170231468;1.370170230754E9
1370170232184;1.370170232101E9
1370170232218;1.370170232198E9
1370170232237;1.370170231975E9
1370170232750;1.370170232735E9
1370170232865;1.370170232855E9
1370170232996;1.370170232943E9
1370170233030;1.370170232948E9
1370170233422;1.37017023342E9
1370170233662;1.370170233643E9
1370170233998;1.370170233878E9
1370170234034;1.370170234016E9
1370170234150;1.370170234149E9
1370170234389;1.370170234238E9
1370170234446;1.370170234084E9
1370170234640;1.370170234508E9
1370170234952;1.370170234583E9
1370170234968;1.370170234648E9
1370170235213;1.370170235142E9
1370170235218;1.370170235174E9
1370170235259;1.370170234883E9
1370170235430;1.370170235429E9
1370170235639;1.370170235577E9
1370170235661;1.370170235654E9
1370170235712;1.370170235707E9
1370170235872;1.370170235758E9
1370170235913;1.370170235824E9
1370170236046;1.370170235914E9
1370170236065;1.37017023599E9
1370170236594;1.370170236568E9
1370170236645;1.370170236621E9
1370170237055;1.370170236922E9
1370170237640;1.37017023758E9
1370170237652;1.37017023757E9
1370170238081;1.370170237694E9
1370170238199;1.370170237671E9
1370170238480;1.370170238443E9
1370170238587;1.370170238543E9
1370170238604;1.370170238517E9
1370170238702;1.370170238697E9
1370170239159;1.370170239089E9
1370170239757;1.370170239689E9
1370170239900;1.370170239895E9
1370170240303;1.370170240103E9
1370170240435;1.370170240407E9
1370170240521;1.370170240452E9
1370170240697;1.370170240673E9
1370170241232;1.370170241076E9
1370170241368;1.370170241357E9
1370170241545;1.370170241475E9
1370170241576;1.370170241434E9
1370170241638;1.370170241068E9
1370170241730;1.370170241681E9
1370170241751;1.37017024175E9
1370170242146;1.370170241784E9
1370170242378;1.370170241956E9
1370170242380;1.370170242195E9
1370170242690;1.37017024227E9
1370170242859;1.370170242384E9
1370170242936;1.370170242934E9
1370170242975;1.370170242882E9
1370170243152;1.370170242316E9
1370170243255;1.370170243234E9
1370170243269;1.370170242809E9
1370170243323;1.370170242878E9
1370170243427;1.37017024313E9
1370170243628;1.370170243351E9
1370170243645;1.370170243605E9
1370170243880;1.370170243721E9
1370170244200;1.370170243956E9
1370170244300;1.370170243966E9
1370170244674;1.370170244231E9
1370170245056;1.370170244574E9
1370170245182;1.370170244723E9
1370170245434;1.370170245286E9
1370170245490;1.370170244069E9
1370170245499;1.370170243823E9
1370170246401;1.370170246282E9
1370170246448;1.370170246418E9
1370170246894;1.370170246787E9
1370170247085;1.370170247067E9
1370170247187;1.370170247179E9
1370170247287;1.370170247264E9
1370170247479;1.370170247321E9
1370170247563;1.370170247519E9
1370170247641;1.37017024751E9
1370170247694;1.370170247648E9
1370170247804;1.370170247748E9
1370170247907;1.370170247773E9
1370170247945;1.370170247808E9
1370170248362;1.370170248218E9
1370170248585;1.370170248083E9
1370170248646;1.370170248643E9
1370170248758;1.370170248418E9
1370170248878;1.370170248531E9
1370170248960;1.370170248388E9
1370170249617;1.370170249241E9
1370170249715;1.370170248852E9
1370170249791;1.370170248425E9
1370170249951;1.370170249395E9
1370170250225;1.370170249491E9
1370170250339;1.370170249345E9
1370170250400;1.370170250313E9
1370170250565;1.370170249247E9
1370170250617;1.370170248846E9
1370170250677;1.370170250574E9
1370170251310;1.370170250929E9
1370170251555;1.370170251499E9
1370170251826;1.370170251222E9
1370170251873;1.370170251454E9
1370170251902;1.370170251888E9
1370170252172;1.370170251836E9
1370170252379;1.370170251484E9
1370170252512;1.370170252472E9
1370170252520;1.370170251686E9
1370170252597;1.370170252541E9
1370170252605;1.370170250798E9
1370170252906;1.370170251578E9
1370170253109;1.370170253108E9
1370170253156;1.370170253074E9
1370170253323;1.370170252683E9
1370170253338;1.370170253256E9
1370170253378;1.370170253378E9
1370170253591;1.370170253586E9
1370170253642;1.370170253457E9
1370170253688;1.370170253099E9
1370170253998;1.370170253799E9
1370170254361;1.37017025436E9
1370170254932;1.370170254872E9
1370170255257;1.370170255112E9
1370170255604;1.370170255482E9
1370170255957;1.370170255937E9
1370170255971;1.370170255879E9
1370170255993;1.370170255942E9
1370170256048;1.370170255957E9
1370170256256;1.370170256152E9
1370170256407;1.370170256382E9
1370170256575;1.370170256444E9
1370170256818;1.370170256807E9
1370170256872;1.370170256775E9
1370170257784;1.37017025774E9
1370170257980;1.370170257948E9
1370170258261;1.37017025826E9
1370170258600;1.370170258285E9
1370170258695;1.370170258673E9
1370170258741;1.370170258739E9
1370170258850;1.370170258728E9
1370170258933;1.37017025865E9
1370170258934;1.370170258868E9
1370170259270;1.370170259194E9
1370170259341;1.370170259311E9
1370170259512;1.370170259511E9
1370170259574;1.370170259474E9
1370170259607;1.370170259563E9
1370170259687;1.370170259676E9
1370170259747;1.370170259735E9
1370170259928;1.370170259853E9
1370170259941;1.370170259906E9
1370170259954;1.37017025984E9
1370170260140;1.370170260136E9
1370170260788;1.37017026052E9
1370170260986;1.37017026061E9
1370170261036;1.370170260888E9
1370170261055;1.370170260657E9
1370170261192;1.370170260851E9
1370170261901;1.370170261817E9
1370170262096;1.370170262056E9
1370170262878;1.3701702628E9
1370170263027;1.370170262124E9
1370170263103;1.370170262535E9
1370170263189;1.370170262439E9
1370170263308;1.370170263211E9
1370170263370;1.37017026333E9
1370170263477;1.370170263432E9
1370170263832;1.370170263599E9
1370170264012;1.370170263941E9
1370170264062;1.370170264062E9
1370170264135;1.370170264102E9
1370170264415;1.370170264298E9
1370170264550;1.370170264502E9
1370170264889;1.370170264798E9
1370170265101;1.370170265084E9
1370170265328;1.370170265107E9
1370170265734;1.370170265541E9
1370170265810;1.3701702648E9
1370170265922;1.370170265817E9
1370170266193;1.37017026612E9
1370170266350;1.370170266246E9
1370170266469;1.370170266467E9
1370170266720;1.370170266553E9
1370170266725;1.37017026657E9
1370170267113;1.370170267083E9
1370170267367;1.370170267355E9
1370170267722;1.370170267581E9
1370170267778;1.370170267503E9
1370170268201;1.370170268196E9
1370170268636;1.370170268285E9
1370170268639;1.3701702686E9
1370170268788;1.37017026829E9
1370170268926;1.370170268642E9
1370170269117;1.370170269012E9
1370170269276;1.370170269211E9
1370170269473;1.370170269443E9
1370170269561;1.370170269493E9
1370170269585;1.370170269411E9
1370170269600;1.370170269593E9
1370170269634;1.370170269634E9
1370170269745;1.37017026969E9
1370170269765;1.370170269732E9
1370170269930;1.370170269915E9
1370170270044;1.370170269999E9
1370170270389;1.370170270373E9
1370170270814;1.37017027078E9
1370170271230;1.370170271214E9
1370170271473;1.370170271473E9
1370170271621;1.370170271294E9
1370170271665;1.370170271567E9
1370170271747;1.37017027155E9
1370170271906;1.370170271881E9
1370170271928;1.370170271873E9
1370170271940;1.370170271877E9
1370170272056;1.37017027199E9
1370170272183;1.370170272161E9
1370170272204;1.370170272204E9
1370170272296;1.370170272112E9
1370170272326;1.370170272268E9
1370170272623;1.370170272598E9
1370170273122;1.370170272386E9
1370170273245;1.370170273173E9
1370170273443;1.370170273291E9
1370170273495;1.370170272351E9
1370170273532;1.370170273227E9
1370170273653;1.370170273646E9
1370170273844;1.370170273839E9
1370170274346;1.370170274039E9
1370170274365;1.370170274054E9
1370170274951;1.370170274933E9
1370170274958;1.370170274171E9
1370170275083;1.370170275076E9
1370170275100;1.370170274756E9
1370170275103;1.370170274442E9
1370170275548;1.370170275538E9
1370170275613;1.370170275219E9
1370170275649;1.370170275148E9
1370170275831;1.370170275512E9
1370170275888;1.370170275716E9
1370170276005;1.370170275875E9
1370170276317;1.37017027631E9
1370170276362;1.370170276217E9
1370170276375;1.370170276301E9
1370170276615;1.370170276545E9
1370170276707;1.370170276599E9
1370170276754;1.370170276719E9
1370170276921;1.370170276807E9
1370170276929;1.370170276548E9
1370170277172;1.370170277094E9
1370170277460;1.370170277363E9
1370170277708;1.37017027752E9
1370170278010;1.370170277989E9
1370170278028;1.370170278021E9
1370170278064;1.370170278001E9
1370170278540;1.370170278477E9
1370170279220;1.370170278992E9
1370170279816;1.370170279792E9
1370170280304;1.370170279996E9
1370170280543;1.37017028045E9
1370170280714;1.370170280359E9
1370170281134;1.370170281073E9
1370170281656;1.370170281556E9
1370170282414;1.370170282061E9
1370170282459;1.370170282327E9
1370170283002;1.370170282904E9
1370170283171;1.370170283044E9
1370170283417;1.37017028322E9
1370170283425;1.370170283347E9
1370170283572;1.370170283571E9
1370170283681;1.370170283581E9
1370170283966;1.370170283924E9
1370170284127;1.370170283981E9
1370170284175;1.370170283609E9
1370170284435;1.370170284434E9
1370170284590;1.37017028456E9
1370170284769;1.370170284751E9
1370170284790;1.37017028476E9
1370170284882;1.370170284864E9
1370170285375;1.370170285331E9
1370170285665;1.370170285664E9
1370170285961;1.370170285931E9
1370170286111;1.370170286106E9
1370170286291;1.370170286203E9
1370170286303;1.370170286153E9
1370170286617;1.370170286389E9
1370170286712;1.370170286509E9
1370170286874;1.370170286321E9
1370170287222;1.370170287217E9
1370170287490;1.370170287329E9
1370170287537;1.370170287288E9
1370170287630;1.370170287379E9
1370170288106;1.370170288045E9
1370170288384;1.370170288361E9
1370170288512;1.370170288295E9
1370170288633;1.370170288516E9
1370170288726;1.37017028865E9
1370170288813;1.370170288806E9
1370170288937;1.370170288917E9
1370170289178;1.370170288991E9
1370170289192;1.370170289146E9
1370170289335;1.370170289283E9
1370170289441;1.370170289419E9
1370170289574;1.370170289477E9
1370170289888;1.370170289883E9
1370170290340;1.370170290057E9
1370170290552;1.370170290068E9
1370170290798;1.370170290447E9
1370170290892;1.370170290726E9
1370170290948;1.370170290463E9
1370170291023;1.370170290197E9
1370170291048;1.37017029083E9
1370170291199;1.370170291066E9
1370170291588;1.370170291448E9
1370170291599;1.370170291592E9
1370170291699;1.370170291619E9
1370170291718;1.370170291716E9
1370170291883;1.37017029137E9
1370170292161;1.370170292139E9
1370170292238;1.370170292156E9
1370170292358;1.370170292348E9
1370170292502;1.370170292469E9
1370170292742;1.370170292724E9
1370170293210;1.370170293107E9
1370170293398;1.370170292591E9
1370170293690;1.370170293326E9
1370170293875;1.370170293345E9
1370170294096;1.370170293454E9
1370170294104;1.370170292781E9
1370170294513;1.370170294494E9
1370170294848;1.370170292981E9
1370170294864;1.3701702945E9
1370170294897;1.37017029385E9
1370170295037;1.37017029448E9
1370170295285;1.370170294301E9
1370170295451;1.370170295137E9
1370170295627;1.370170295374E9
1370170295674;1.370170295656E9
1370170296013;1.370170295877E9
1370170296187;1.370170296155E9
1370170296245;1.370170296244E9
1370170296854;1.370170296739E9
1370170296881;1.370170296832E9
1370170297118;1.370170296614E9
1370170297129;1.370170296906E9
1370170297213;1.370170296998E9
1370170297299;1.370170297065E9
1370170297748;1.370170297525E9
1370170297875;1.370170297875E9
1370170298038;1.37017029789E9
1370170298123;1.370170298042E9
1370170298136;1.370170298131E9
1370170298137;1.37017029751E9
1370170298598;1.37017029854E9
1370170298741;1.370170298556E9
1370170298934;1.370170298764E9
1370170299141;1.370170298258E9
1370170299271;1.370170298219E9
1370170299404;1.37017029876E9
1370170299619;1.370170299533E9
1370170299649;1.370170299581E9
1370170299683;1.370170299448E9
1370170299904;1.370170299719E9
1370170300108;1.370170299731E9
1370170300260;1.37017030015E9
1370170300299;1.370170300172E9
1370170300443;1.370170300442E9
1370170300446;1.370170300362E9
1370170300621;1.370170299912E9
1370170300680;1.370170300491E9
1370170300742;1.370170300741E9
1370170300755;1.37017030071E9
1370170301311;1.370170301246E9
1370170301509;1.370170301501E9
1370170301734;1.370170301611E9
1370170301841;1.370170301816E9
1370170301958;1.370170301884E9
1370170301962;1.370170301961E9
1370170302033;1.370170301973E9
1370170302421;1.370170302338E9
1370170302631;1.37017030247E9
1370170303440;1.370170303194E9
1370170303447;1.370170303442E9
1370170303505;1.37017030345E9
1370170303525;1.37017030279E9
1370170303545;1.370170303032E9
1370170303642;1.370170302931E9
1370170303838;1.370170303673E9
1370170303956;1.370170303881E9
1370170304084;1.370170304082E9
1370170304100;1.370170304044E9
1370170304407;1.37017030431E9
1370170304509;1.370170304428E9
1370170305101;1.370170304865E9
1370170305374;1.370170305291E9
1370170305499;1.370170305477E9
1370170305989;1.370170305978E9
1370170306683;1.370170306293E9
1370170306760;1.370170306671E9
1370170306951;1.370170306842E9
1370170307445;1.370170307084E9
1370170307525;1.370170307405E9
1370170307924;1.370170307841E9
1370170307990;1.370170307785E9
1370170308115;1.370170308108E9
1370170308271;1.370170308135E9
1370170308398;1.370170308393E9
1370170308410;1.370170308405E9
1370170309645;1.370170309437E9
1370170309787;1.370170309762E9
1370170309835;1.370170309745E9
1370170309852;1.370170309623E9
1370170310130;1.370170310095E9
1370170310191;1.370170310051E9
1370170310280;1.370170310061E9
1370170310301;1.370170310284E9
1370170310577;1.370170310485E9
1370170310950;1.370170310948E9
1370170310991;1.370170310841E9
1370170311082;1.370170310795E9
1370170311308;1.370170311137E9
1370170311547;1.370170311471E9
1370170311571;1.37017031146E9
1370170311698;1.370170311438E9
1370170311892;1.370170311852E9
1370170311978;1.370170311881E9
1370170312140;1.37017031206E9
1370170312140;1.370170312069E9
1370170312389;1.370170312351E9
1370170312541;1.370170312521E9
1370170312571;1.370170312525E9
1370170312637;1.370170312434E9
1370170312968;1.370170312955E9
1370170313303;1.370170312979E9
1370170313791;1.370170313787E9
1370170313950;1.370170313469E9
1370170314027;1.370170313035E9
1370170314066;1.370170313014E9
1370170314127;1.370170314099E9
1370170314257;1.370170314163E9
1370170314261;1.370170313324E9
1370170314411;1.370170314182E9
1370170314482;1.370170314452E9
1370170314729;1.37017031449E9
1370170314802;1.370170314634E9
1370170315181;1.370170315013E9
1370170315393;1.370170315386E9
1370170315960;1.370170315024E9
1370170316262;1.370170315121E9
1370170316545;1.370170315413E9
1370170316834;1.370170314805E9
1370170317063;1.370170316972E9
1370170317568;1.370170317313E9
1370170317641;1.370170317626E9
1370170317667;1.370170317662E9
1370170318238;1.37017031819E9
1370170318352;1.370170318329E9
1370170318453;1.370170318283E9
1370170318598;1.370170318478E9
1370170319880;1.37017031918E9
1370170319928;1.370170319519E9
1370170320039;1.370170319935E9
1370170320102;1.370170319985E9
1370170320330;1.370170320237E9
1370170320408;1.370170320333E9
1370170321016;1.370170320814E9
1370170321111;1.370170320967E9
1370170321114;1.370170320927E9
1370170321488;1.370170321443E9
1370170321538;1.370170321534E9
1370170321673;1.370170321612E9
1370170321742;1.370170321679E9
1370170321907;1.370170321906E9
1370170322031;1.370170321963E9
1370170322586;1.37017032238E9
1370170322734;1.370170322417E9
1370170322788;1.370170322369E9
1370170323265;1.370170323177E9
1370170323760;1.37017032372E9
1370170323791;1.370170323451E9
1370170323924;1.37017032341E9
1370170324064;1.370170324026E9
1370170324084;1.370170324082E9
1370170324286;1.370170324281E9
1370170324594;1.370170324562E9
1370170324671;1.370170324583E9
1370170324863;1.370170324637E9
1370170324934;1.370170324795E9
1370170325389;1.370170325206E9
1370170325422;1.370170325402E9
1370170325473;1.370170325231E9
1370170325924;1.370170325589E9
1370170326306;1.37017032623E9
1370170326334;1.370170325663E9
1370170326382;1.370170326176E9
1370170326577;1.370170325752E9
1370170326758;1.370170326723E9
1370170326784;1.370170326738E9
1370170327381;1.370170327381E9
1370170327528;1.370170327454E9
1370170327807;1.370170327662E9
1370170328216;1.370170328072E9
1370170328245;1.370170328205E9
1370170328521;1.370170328505E9
1370170328865;1.370170328833E9
1370170329073;1.370170328907E9
1370170329094;1.370170328939E9
1370170329153;1.370170329143E9
1370170329425;1.370170329232E9
1370170329990;1.370170329986E9
1370170330238;1.370170330182E9
1370170330533;1.370170330504E9
1370170330628;1.370170330626E9
1370170330829;1.370170330657E9
1370170331013;1.370170330906E9
1370170331545;1.370170331536E9
1370170332071;1.370170332026E9
1370170332170;1.370170332042E9
1370170332348;1.370170332288E9
1370170332416;1.370170332361E9
1370170332757;1.370170332713E9
1370170332942;1.370170332779E9
1370170333328;1.370170333163E9
1370170333385;1.370170333264E9
1370170333560;1.370170333493E9
1370170333604;1.37017033357E9
1370170333946;1.370170333795E9
1370170333968;1.370170333967E9
1370170334115;1.370170334008E9
1370170334342;1.37017033428E9
1370170334915;1.370170334861E9
1370170334962;1.370170334944E9
1370170335045;1.37017033504E9
1370170335295;1.370170335284E9
1370170335526;1.370170335393E9
1370170336475;1.370170336231E9
1370170336719;1.370170336638E9
1370170336991;1.370170336318E9
1370170337043;1.370170336977E9
1370170337189;1.370170336992E9
1370170337527;1.370170337505E9
1370170337531;1.370170337223E9
1370170337669;1.370170337211E9
1370170337707;1.370170337706E9
1370170337784;1.370170337384E9
1370170338030;1.370170337848E9
1370170338052;1.370170337819E9
1370170338154;1.370170338081E9
1370170338337;1.370170338318E9
1370170338359;1.370170338356E9
1370170338708;1.370170338339E9
1370170338754;1.370170338482E9
1370170338762;1.370170338758E9
1370170338815;1.370170338807E9
1370170338987;1.370170338979E9
1370170339256;1.370170339101E9
1370170340177;1.370170340152E9
1370170340416;1.370170340381E9
1370170340984;1.370170340703E9
1370170341196;1.370170340184E9
1370170341270;1.370170340434E9
1370170341310;1.370170340502E9
1370170341333;1.370170340812E9
1370170341348;1.370170340712E9
1370170341653;1.370170341581E9
1370170341728;1.370170341602E9
1370170342047;1.370170342002E9
1370170342082;1.370170341893E9
1370170342115;1.37017034211E9
1370170342198;1.370170342185E9
1370170342410;1.370170342409E9
1370170342484;1.370170342224E9
1370170343019;1.370170343017E9
1370170343140;1.370170342069E9
1370170343177;1.370170342464E9
1370170343229;1.370170342746E9
1370170343328;1.370170343243E9
1370170343526;1.370170342175E9
1370170343624;1.370170342009E9
1370170343772;1.370170343582E9
1370170343974;1.370170343927E9
1370170344280;1.370170344033E9
1370170344311;1.370170344046E9
1370170344460;1.37017034443E9
1370170344635;1.370170344471E9
1370170344837;1.370170344828E9
1370170344985;1.370170344647E9
1370170345344;1.370170345185E9
1370170345392;1.370170345118E9
1370170345442;1.370170345025E9
1370170345744;1.37017034542E9
1370170345848;1.370170345701E9
1370170345979;1.370170345924E9
1370170346150;1.370170346124E9
1370170346420;1.370170346038E9
1370170346486;1.370170346349E9
1370170347006;1.370170346912E9
1370170347178;1.370170347148E9
1370170347203;1.370170347181E9
1370170347421;1.370170347022E9
1370170347660;1.370170347616E9
1370170347744;1.370170347689E9
1370170348128;1.370170348049E9
1370170348406;1.370170348274E9
1370170348479;1.370170348287E9
1370170348712;1.370170348506E9
1370170348822;1.370170348376E9
1370170349646;1.37017034933E9
1370170349683;1.370170348979E9
1370170349952;1.370170349069E9
1370170349956;1.370170348995E9
1370170350044;1.370170349046E9
1370170350166;1.370170349464E9
1370170350386;1.370170350348E9
1370170350619;1.370170350609E9
1370170350824;1.370170350812E9
1370170351285;1.370170351023E9
1370170351329;1.370170351211E9
1370170351405;1.370170351201E9
1370170351509;1.370170351126E9
1370170351980;1.370170351919E9
1370170352016;1.370170351709E9
1370170352035;1.370170352028E9
1370170352102;1.370170351693E9
1370170352703;1.370170352642E9
1370170352928;1.370170352437E9
1370170353019;1.37017035274E9
1370170353096;1.370170351571E9
1370170353331;1.370170353099E9
1370170353421;1.370170352949E9
1370170353643;1.370170353608E9
1370170353750;1.37017035363E9
1370170354174;1.370170354139E9
1370170354243;1.37017035416E9
1370170354595;1.370170354478E9
1370170354883;1.370170354798E9
1370170355090;1.370170355086E9
1370170355278;1.37017035476E9
1370170355347;1.370170355305E9
1370170355413;1.370170354693E9
1370170356161;1.370170355467E9
1370170356241;1.370170356179E9
1370170356521;1.370170356412E9
1370170356592;1.370170356591E9
1370170356979;1.370170356921E9
1370170357088;1.370170357077E9
1370170357224;1.370170357124E9
1370170357242;1.370170357232E9
1370170357253;1.370170357243E9
1370170357384;1.370170357384E9
1370170357559;1.370170357361E9
1370170357631;1.370170357412E9
1370170357929;1.370170357472E9
1370170357956;1.370170357861E9
1370170358028;1.370170357834E9
1370170358292;1.370170358291E9
1370170358460;1.370170358438E9
1370170358664;1.370170358618E9
1370170358753;1.370170358732E9
1370170358965;1.37017035887E9
1370170359027;1.370170359014E9
1370170359204;1.370170359202E9
1370170359340;1.370170359107E9
1370170359857;1.370170359779E9
1370170359901;1.370170359688E9
1370170360142;1.37017035993E9
1370170360214;1.370170360043E9
1370170360855;1.370170360846E9
1370170361029;1.370170360802E9
1370170361632;1.370170361603E9
1370170361979;1.370170361961E9
1370170362093;1.370170362032E9
1370170362495;1.370170362216E9
1370170362511;1.370170362385E9
1370170362520;1.37017036236E9
1370170362705;1.370170362614E9
1370170362819;1.370170362779E9
1370170362976;1.370170362887E9
1370170363001;1.37017036268E9
1370170363498;1.370170363428E9
1370170363558;1.370170363233E9
1370170363590;1.370170363286E9
1370170364115;1.37017036409E9
1370170364171;1.370170364005E9
1370170364251;1.370170364204E9
1370170364843;1.370170364821E9
1370170365103;1.370170365078E9
1370170365155;1.370170365045E9
1370170365330;1.370170365185E9
1370170365373;1.370170365341E9
1370170365742;1.370170365675E9
1370170366162;1.370170365918E9
1370170366470;1.370170366461E9
1370170366496;1.370170366423E9
1370170367112;1.370170366963E9
1370170367170;1.370170367087E9
1370170367249;1.37017036657E9
1370170367286;1.370170367231E9
1370170367499;1.370170367479E9
1370170368330;1.370170368001E9
1370170368398;1.370170368248E9
1370170368720;1.37017036848E9
1370170368791;1.370170368676E9
1370170368840;1.370170368695E9
1370170368916;1.370170368608E9
1370170369529;1.370170369524E9
1370170369631;1.370170369459E9
1370170369956;1.37017036977E9
1370170369984;1.370170369401E9
1370170370037;1.370170368897E9
1370170370235;1.370170370234E9
1370170370318;1.370170370114E9
1370170370623;1.3701703701E9
1370170370648;1.370170370388E9
1370170370834;1.370170370829E9
1370170371515;1.370170371118E9
1370170371968;1.370170371168E9
1370170372118;1.370170371029E9
1370170372365;1.370170372283E9
1370170372400;1.370170371181E9
1370170372421;1.370170372013E9
1370170372439;1.370170372062E9
1370170372606;1.37017037258E9
1370170372652;1.370170372619E9
1370170372816;1.370170372814E9
1370170372947;1.370170372895E9
1370170373166;1.370170373125E9
1370170373482;1.370170373445E9
1370170373563;1.370170373548E9
1370170373783;1.370170373641E9
1370170374174;1.370170374085E9
1370170374880;1.37017037485E9
1370170375270;1.370170375158E9
1370170375889;1.370170375441E9
1370170375994;1.370170375332E9
1370170376102;1.370170375287E9
1370170376147;1.370170375729E9
1370170376357;1.370170376039E9
1370170376517;1.370170375088E9
1370170376797;1.370170376796E9
1370170376932;1.370170376914E9
1370170377330;1.370170377178E9
1370170378066;1.370170377803E9
1370170378145;1.370170377757E9
1370170378176;1.370170377887E9
1370170378312;1.370170378181E9
1370170378362;1.370170378211E9
1370170378425;1.370170377975E9
1370170378458;1.370170378329E9
1370170378762;1.370170378762E9
1370170379073;1.370170379042E9
1370170379141;1.370170378834E9
1370170379466;1.370170379162E9
1370170379659;1.370170378689E9
1370170379994;1.370170379992E9
1370170380006;1.370170379964E9
1370170380011;1.370170379996E9
1370170380373;1.37017038007E9
1370170380559;1.370170380411E9
1370170380769;1.370170380741E9
1370170380786;1.370170380438E9
1370170381288;1.370170381257E9
1370170381681;1.370170381639E9
1370170381937;1.370170381935E9
1370170382064;1.370170381883E9
1370170382490;1.370170382287E9
1370170382524;1.370170382252E9
1370170382554;1.370170382552E9
1370170382561;1.370170382214E9
1370170382911;1.370170382908E9
1370170383269;1.370170383098E9
1370170383987;1.370170383873E9
1370170384035;1.370170383378E9
1370170384053;1.370170383589E9
1370170384132;1.370170384058E9
1370170384358;1.370170383439E9
1370170384812;1.370170384733E9
1370170385253;1.370170384938E9
1370170385300;1.370170385089E9
1370170385326;1.370170385321E9
1370170385747;1.370170385519E9
1370170385778;1.370170385074E9
1370170386121;1.370170385954E9
1370170386151;1.370170386022E9
1370170386429;1.370170386429E9
1370170386714;1.370170386658E9
1370170386805;1.370170386734E9
1370170387037;1.370170387032E9
1370170387050;1.370170387004E9
1370170387442;1.370170387439E9
1370170387715;1.37017038768E9
1370170388009;1.370170387376E9
1370170388018;1.370170387991E9
1370170388335;1.370170388277E9
1370170388672;1.370170388131E9
1370170388849;1.370170388195E9
1370170388944;1.3701703887E9
1370170389081;1.370170389051E9
1370170389505;1.370170389479E9
1370170389509;1.37017038939E9
1370170389592;1.37017038953E9
1370170389629;1.370170389624E9
1370170390406;1.370170390345E9
1370170390461;1.370170390433E9
1370170390490;1.370170390446E9
1370170390649;1.370170390505E9
1370170390801;1.370170390587E9
1370170391139;1.370170391128E9
1370170391503;1.370170391359E9
1370170391504;1.370170390825E9
1370170391585;1.370170391339E9
1370170392120;1.370170392104E9
1370170392250;1.370170392163E9
1370170392380;1.370170392284E9
1370170392620;1.370170392511E9
1370170392639;1.370170392628E9
1370170393382;1.370170393097E9
1370170393454;1.370170393225E9
1370170393579;1.3701703934E9
1370170393588;1.370170393495E9
1370170393679;1.370170393611E9
1370170393703;1.370170393646E9
1370170394106;1.370170394018E9
1370170394106;1.370170393878E9
1370170394243;1.370170394084E9
1370170394298;1.370170394202E9
1370170394555;1.370170394531E9
1370170394909;1.370170394753E9
1370170394949;1.370170394942E9
1370170395363;1.370170395121E9
1370170395363;1.370170395092E9
1370170395423;1.370170395044E9
1370170395591;1.370170395234E9
1370170395957;1.370170395855E9
1370170396080;1.370170396013E9
1370170396138;1.370170396083E9
1370170396691;1.370170396653E9
1370170396710;1.370170396664E9
1370170396965;1.370170396957E9
1370170397088;1.37017039708E9
1370170397191;1.370170397113E9
1370170397659;1.37017039755E9
1370170397707;1.370170397443E9
1370170397889;1.37017039779E9
1370170397892;1.370170397875E9
1370170398161;1.370170398012E9
1370170398262;1.370170398024E9
1370170398632;1.370170398083E9
1370170398918;1.37017039837E9
1370170398983;1.370170398951E9
1370170399245;1.370170399167E9
1370170399507;1.37017039909E9
1370170399995;1.370170399994E9
1370170400016;1.370170399929E9
1370170400097;1.370170399693E9
1370170400195;1.370170399995E9
1370170400364;1.370170400197E9
1370170400381;1.370170400063E9
1370170400537;1.370170400487E9
1370170401194;1.370170401172E9
1370170401301;1.370170401019E9
1370170401356;1.370170400833E9
1370170401703;1.370170401063E9
1370170401708;1.370170401569E9
1370170401758;1.370170401467E9
1370170402192;1.370170402173E9
1370170403089;1.370170403064E9
1370170403725;1.370170403706E9
1370170403768;1.370170403735E9
1370170403896;1.370170403774E9
1370170404001;1.370170403866E9
1370170404090;1.370170403977E9
1370170404855;1.370170404666E9
1370170405225;1.370170404764E9
1370170405300;1.370170405098E9
1370170405361;1.370170404887E9
1370170405511;1.370170404742E9
1370170405698;1.370170405648E9
1370170405717;1.370170405169E9
1370170406513;1.370170405933E9
1370170406541;1.370170406423E9
1370170406655;1.370170406108E9
1370170406746;1.370170405967E9
1370170407046;1.370170407045E9
1370170407194;1.370170406977E9
1370170407239;1.370170406371E9
1370170407433;1.370170407223E9
1370170407570;1.370170407057E9
1370170407833;1.370170407776E9
1370170408011;1.370170407708E9
1370170408172;1.370170408171E9
1370170408197;1.370170407755E9
1370170408197;1.370170407279E9
1370170408286;1.370170406566E9
1370170408443;1.370170408348E9
1370170408734;1.370170408495E9
1370170408936;1.370170408833E9
1370170409260;1.370170409103E9
1370170409326;1.370170409301E9
1370170409670;1.370170409665E9
1370170409824;1.3701704097E9
1370170409994;1.370170409875E9
1370170410120;1.370170410115E9
1370170410282;1.370170410238E9
1370170410457;1.370170410329E9
1370170410749;1.37017041054E9
1370170410831;1.370170410718E9
1370170410920;1.370170410852E9
1370170411061;1.370170411006E9
1370170411112;1.370170411112E9
1370170411139;1.370170410986E9
1370170411287;1.370170410972E9
1370170411400;1.370170411295E9
1370170411424;1.370170411387E9
1370170411462;1.370170411413E9
1370170411789;1.370170411726E9
1370170411921;1.370170411764E9
1370170412033;1.37017041201E9
1370170412378;1.370170412343E9
1370170412901;1.37017041261E9
1370170412970;1.370170412768E9
1370170413013;1.370170412931E9
1370170413225;1.37017041277E9
1370170413765;1.370170413756E9
1370170413768;1.370170413566E9
1370170413921;1.370170413854E9
1370170413973;1.370170413825E9
1370170414397;1.370170414358E9
1370170414512;1.370170414281E9
1370170414607;1.370170414574E9
1370170414910;1.370170414839E9
1370170415007;1.370170414947E9
1370170415082;1.370170415009E9
1370170415230;1.370170415126E9
1370170415327;1.370170415302E9
1370170415426;1.370170415411E9
1370170415565;1.370170415484E9
1370170415821;1.370170415449E9
1370170415921;1.370170415845E9
1370170416134;1.370170416133E9
1370170416159;1.370170416064E9
1370170416336;1.370170416334E9
1370170416399;1.370170416303E9
1370170416885;1.370170416757E9
1370170417512;1.370170417232E9
1370170417589;1.370170417588E9
1370170417702;1.370170417611E9
1370170417795;1.370170417213E9
1370170418098;1.370170418039E9
1370170418137;1.370170418128E9
1370170418277;1.370170418221E9
1370170418469;1.370170418386E9
1370170418765;1.370170418703E9
1370170419002;1.37017041896E9
1370170419318;1.370170419287E9
1370170419358;1.370170419322E9
1370170419636;1.370170419601E9
1370170419711;1.370170419471E9
1370170420109;1.370170420023E9
1370170420188;1.370170419968E9
1370170420239;1.370170420111E9
1370170421439;1.370170421308E9
1370170421571;1.370170421533E9
1370170421615;1.370170421614E9
1370170421665;1.370170421627E9
1370170421892;1.370170421831E9
1370170421978;1.370170421684E9
1370170422325;1.370170421941E9
1370170422648;1.370170422597E9
1370170423013;1.370170422899E9
1370170423474;1.370170423451E9
1370170423639;1.370170423626E9
1370170424004;1.370170423507E9
1370170424253;1.370170424032E9
1370170424441;1.37017042367E9
1370170424503;1.370170424341E9
1370170424564;1.370170424122E9
1370170424603;1.370170424034E9
1370170425039;1.370170424427E9
1370170425355;1.370170425133E9
1370170425359;1.37017042514E9
1370170425725;1.370170425645E9
1370170425898;1.370170425337E9
1370170426092;1.370170425673E9
1370170426207;1.370170425496E9
1370170426331;1.370170425625E9
1370170426828;1.370170426745E9
1370170426846;1.370170426722E9
1370170427676;1.370170427484E9
1370170427694;1.370170427602E9
1370170427793;1.370170427447E9
1370170427965;1.370170427574E9
1370170428045;1.370170427796E9
1370170428215;1.370170427774E9
1370170428379;1.370170428362E9
1370170428796;1.370170428618E9
1370170428945;1.370170428907E9
1370170429003;1.370170428978E9
1370170429066;1.370170429056E9
1370170429546;1.370170429531E9
1370170429692;1.370170429661E9
1370170429807;1.370170429781E9
1370170429900;1.370170429827E9
1370170429965;1.370170429707E9
1370170430106;1.370170430098E9
1370170430224;1.370170430223E9
1370170430495;1.370170430407E9
1370170430553;1.370170430516E9
1370170430580;1.37017043056E9
1370170430675;1.370170430627E9
1370170430747;1.370170430742E9
1370170430901;1.370170430798E9
1370170431065;1.37017043105E9
1370170431421;1.3701704314E9
1370170431601;1.370170431508E9
1370170431641;1.370170431618E9
1370170431825;1.370170431563E9
1370170431880;1.37017043181E9
1370170431925;1.370170431826E9
1370170431996;1.370170431556E9
1370170432478;1.370170432474E9
1370170432538;1.370170432527E9
1370170432635;1.370170432469E9
1370170432749;1.370170432576E9
1370170432817;1.370170432689E9
1370170432871;1.370170432552E9
1370170432917;1.370170432872E9
1370170432944;1.370170432859E9
1370170433020;1.37017043299E9
1370170433274;1.370170433053E9
1370170433464;1.370170433364E9
1370170433548;1.370170433541E9
1370170433767;1.370170433704E9
1370170434244;1.370170433983E9
1370170434410;1.370170434293E9
1370170434901;1.370170434886E9
1370170435679;1.370170435577E9
1370170435990;1.37017043593E9
1370170436088;1.370170436053E9
1370170436357;1.370170436337E9
1370170436838;1.370170436816E9
1370170436915;1.37017043689E9
1370170437472;1.370170437341E9
1370170437520;1.37017043748E9
1370170437918;1.370170437549E9
1370170437956;1.370170437709E9
1370170438102;1.370170437975E9
1370170438207;1.370170437718E9
1370170438254;1.370170438013E9
1370170438515;1.370170438372E9
1370170438815;1.37017043871E9
1370170438925;1.370170438777E9
1370170439057;1.370170438936E9
1370170439156;1.370170439022E9
1370170439660;1.370170439309E9
1370170439864;1.370170439644E9
1370170439890;1.37017043955E9
1370170440094;1.370170439874E9
1370170440103;1.370170439321E9
1370170440265;1.370170440245E9
1370170440437;1.370170440369E9
1370170440691;1.37017044051E9
1370170440911;1.370170440898E9
1370170441217;1.370170441084E9
1370170441852;1.370170441187E9
1370170442151;1.370170441132E9
1370170442221;1.370170442026E9
1370170442496;1.370170442453E9
1370170442544;1.370170442467E9
1370170442863;1.370170442244E9
1370170443303;1.37017044294E9
1370170443315;1.370170443059E9
1370170443532;1.370170443398E9
1370170443610;1.370170443547E9
1370170443637;1.370170443559E9
1370170443726;1.370170443668E9
1370170444234;1.370170444194E9
1370170444271;1.370170444138E9
1370170444287;1.370170444257E9
1370170444905;1.370170444732E9
1370170444966;1.37017044431E9
1370170445026;1.370170444355E9
1370170445309;1.370170445282E9
1370170445475;1.370170445357E9
1370170446043;1.370170445988E9
1370170446151;1.370170446052E9
1370170446195;1.370170446167E9
1370170446367;1.370170446137E9
1370170446390;1.370170446307E9
1370170446467;1.370170446415E9
1370170446581;1.370170446576E9
1370170446688;1.370170446497E9
1370170446713;1.370170446525E9
1370170446803;1.370170446802E9
1370170447489;1.370170447455E9
1370170447883;1.370170447711E9
1370170448104;1.370170448015E9
1370170448190;1.37017044794E9
1370170448242;1.370170448073E9
1370170448570;1.370170448508E9
1370170448744;1.370170448714E9
1370170448776;1.370170448766E9
1370170448937;1.370170448901E9
1370170449553;1.370170449354E9
1370170449747;1.370170449324E9
1370170450135;1.370170450044E9
1370170450169;1.370170449787E9
1370170450390;1.370170450149E9
1370170450949;1.370170450791E9
1370170451219;1.37017045117E9
1370170451225;1.370170451002E9
1370170451258;1.370170451228E9
1370170451389;1.3701704513E9
1370170451404;1.370170451151E9
1370170451417;1.370170451414E9
1370170451472;1.370170451446E9
1370170451637;1.370170451601E9
1370170451963;1.370170451798E9
1370170452177;1.370170451773E9
1370170452195;1.370170452002E9
1370170452265;1.370170452224E9
1370170452483;1.370170452478E9
1370170452526;1.370170452525E9
1370170453685;1.370170453256E9
1370170453823;1.370170453377E9
1370170454186;1.370170453264E9
1370170454422;1.370170454282E9
1370170454433;1.370170453486E9
1370170454457;1.370170454189E9
1370170454505;1.370170454396E9
1370170454510;1.370170454484E9
1370170454889;1.370170454888E9
1370170455395;1.370170455196E9
1370170455402;1.370170455183E9
1370170455504;1.370170455081E9
1370170456083;1.370170456006E9
1370170456105;1.370170456088E9
1370170456286;1.370170456243E9
1370170456288;1.3701704562E9
1370170456371;1.370170456368E9
1370170456500;1.37017045646E9
1370170456891;1.370170456714E9
1370170456950;1.370170456949E9
1370170456991;1.370170456937E9
1370170457220;1.370170457102E9
1370170457768;1.370170457462E9
1370170457952;1.37017045783E9
1370170458140;1.370170457805E9
1370170458416;1.370170458213E9
1370170458495;1.370170458425E9
1370170458683;1.370170458531E9
1370170458820;1.370170458454E9
1370170458915;1.370170458722E9
1370170459077;1.370170458202E9
1370170459129;1.370170459083E9
1370170459288;1.370170459274E9
1370170459351;1.370170459198E9
1370170459694;1.370170459445E9
1370170460134;1.370170460051E9
1370170460220;1.370170459924E9
1370170460273;1.370170460238E9
1370170460697;1.370170460647E9
1370170460712;1.370170460599E9
1370170460775;1.370170460755E9
1370170461084;1.370170460751E9
1370170461380;1.370170461201E9
1370170461385;1.370170460745E9
1370170461596;1.370170461441E9
1370170461988;1.370170461658E9
1370170462332;1.370170462141E9
1370170462440;1.370170462134E9
1370170462533;1.370170462449E9
1370170462892;1.370170462772E9
1370170463041;1.370170463034E9
1370170463258;1.370170463012E9
1370170463292;1.370170463265E9
1370170463346;1.370170463301E9
1370170463510;1.370170463445E9
1370170463538;1.370170463534E9
1370170464170;1.370170464128E9
1370170464239;1.370170463965E9
1370170464314;1.370170464176E9
1370170465336;1.370170465164E9
1370170465450;1.370170465346E9
1370170465559;1.370170465488E9
1370170465641;1.370170465578E9
1370170466040;1.37017046574E9
1370170466138;1.370170466082E9
1370170466372;1.370170466296E9
1370170466413;1.370170466411E9
1370170466429;1.370170466329E9
1370170466695;1.37017046651E9
1370170466713;1.370170466437E9
1370170466819;1.370170466792E9
1370170467081;1.370170467018E9
1370170467498;1.370170467453E9
1370170467682;1.370170467499E9
1370170467773;1.37017046691E9
1370170467864;1.37017046716E9
1370170467953;1.370170467411E9
1370170468100;1.370170468083E9
1370170468229;1.370170468158E9
1370170468233;1.370170468169E9
1370170468624;1.370170468621E9
1370170469013;1.370170468997E9
1370170469058;1.370170469046E9
1370170469159;1.370170468697E9
1370170469167;1.370170468572E9
1370170469179;1.370170468717E9
1370170469273;1.370170469247E9
1370170469415;1.370170469381E9
1370170470061;1.370170469796E9
1370170470096;1.370170470095E9
1370170470185;1.370170470164E9
1370170470361;1.370170470336E9
1370170470404;1.370170470387E9
1370170470541;1.37017047039E9
1370170470733;1.370170470602E9
1370170470941;1.370170470451E9
1370170470973;1.370170470691E9
1370170471175;1.370170471111E9
1370170471652;1.370170471282E9
1370170471863;1.370170471688E9
1370170471879;1.370170471845E9
1370170472019;1.37017047191E9
1370170472486;1.370170472425E9
1370170472659;1.370170472595E9
1370170472932;1.370170472865E9
1370170473150;1.370170473083E9
1370170473323;1.3701704733E9
1370170473648;1.370170473465E9
1370170473685;1.370170473579E9
1370170474334;1.370170474215E9
1370170474392;1.370170474323E9
1370170474476;1.370170474386E9
1370170474951;1.37017047483E9
1370170475113;1.370170475108E9
1370170475580;1.370170475317E9
1370170475639;1.370170475628E9
1370170475799;1.37017047547E9
1370170476034;1.370170475654E9
1370170476059;1.370170475163E9
1370170476317;1.370170476115E9
1370170476416;1.370170476289E9
1370170476640;1.370170476401E9
1370170476761;1.370170476742E9
1370170476787;1.370170475857E9
1370170477249;1.370170476965E9
1370170477301;1.370170476819E9
1370170477508;1.370170477507E9
1370170477795;1.37017047776E9
1370170477804;1.37017047766E9
1370170477979;1.370170477255E9
1370170478016;1.37017047765E9
1370170478425;1.370170478417E9
1370170478626;1.370170477377E9
1370170478627;1.370170478276E9
1370170478762;1.370170478609E9
1370170478765;1.370170478165E9
1370170478820;1.370170478427E9
1370170479132;1.370170479103E9
1370170479334;1.370170479077E9
1370170479389;1.3701704793E9
1370170479503;1.370170479016E9
1370170479723;1.370170479517E9
1370170480058;1.370170480057E9
1370170480138;1.370170479987E9
1370170480409;1.370170480401E9
1370170480471;1.370170480342E9
1370170480568;1.370170480542E9
1370170480674;1.370170480624E9
1370170480757;1.370170480717E9
1370170480961;1.370170480832E9
1370170481511;1.370170481458E9
1370170481967;1.370170481586E9
1370170482091;1.370170481805E9
1370170482098;1.370170481651E9
1370170482122;1.370170481024E9
1370170482126;1.370170482003E9
1370170482302;1.370170481376E9
1370170482400;1.370170482364E9
1370170482721;1.370170482519E9
1370170483095;1.370170483084E9
1370170483184;1.370170483173E9
1370170483380;1.370170483245E9
1370170483634;1.370170483606E9
1370170483934;1.370170483757E9
1370170484411;1.37017048441E9
1370170484597;1.370170484427E9
1370170484706;1.37017048468E9
1370170485760;1.370170485644E9
1370170485883;1.370170485628E9
1370170486495;1.370170486455E9
1370170486729;1.370170486574E9
1370170486753;1.370170486572E9
1370170486825;1.370170486786E9
1370170486972;1.370170486837E9
1370170487208;1.37017048713E9
1370170487423;1.370170487404E9
1370170488013;1.370170487895E9
1370170488251;1.370170487893E9
1370170488323;1.370170488278E9
1370170488452;1.37017048823E9
1370170488504;1.370170488214E9
1370170488512;1.370170488402E9
1370170489071;1.370170488559E9
1370170489279;1.370170489131E9
1370170489433;1.370170489204E9
1370170489440;1.370170489414E9
1370170489850;1.37017048985E9
1370170489973;1.370170489968E9
1370170490095;1.370170490074E9
1370170490177;1.37017049006E9
1370170490292;1.37017049011E9
1370170490314;1.370170490221E9
1370170490797;1.370170490422E9
1370170490858;1.370170490541E9
1370170491097;1.370170490534E9
1370170491152;1.370170490385E9
1370170491454;1.370170491407E9
1370170491564;1.370170491563E9
1370170491803;1.370170491388E9
1370170491877;1.370170491875E9
1370170491990;1.370170491548E9
1370170492366;1.370170491643E9
1370170492475;1.370170491496E9
1370170492510;1.370170492295E9
1370170492835;1.370170492578E9
1370170493044;1.370170492909E9
1370170493074;1.370170492565E9
1370170493112;1.370170492969E9
1370170493360;1.370170492953E9
1370170493450;1.370170493445E9
1370170493639;1.37017049362E9
1370170493668;1.370170493579E9
1370170493678;1.370170493647E9
1370170493829;1.370170493723E9
1370170493924;1.370170493834E9
1370170493954;1.370170493707E9
1370170494420;1.370170494082E9
1370170494463;1.370170494178E9
1370170494577;1.370170494413E9
1370170494851;1.370170494702E9
1370170495013;1.370170494941E9
1370170495185;1.370170495025E9
1370170495662;1.370170495568E9
1370170496174;1.370170496126E9
1370170496424;1.370170496365E9
1370170496874;1.370170496874E9
1370170497080;1.370170497037E9
1370170497156;1.370170497156E9
1370170497360;1.370170497207E9
1370170497369;1.370170497277E9
1370170497648;1.370170497463E9
1370170497721;1.370170497504E9
1370170497743;1.370170497242E9
1370170497783;1.370170497499E9
1370170498082;1.370170497937E9
1370170498271;1.370170498199E9
1370170498551;1.370170498507E9
1370170498640;1.370170498575E9
1370170499213;1.370170499182E9
1370170499258;1.370170499254E9
1370170499475;1.370170499474E9
1370170499949;1.370170499915E9
1370170500224;1.370170500203E9
1370170500475;1.370170500309E9
1370170500598;1.37017050049E9
1370170501496;1.37017050121E9
1370170501678;1.370170501126E9
1370170501755;1.370170501753E9
1370170501831;1.370170500926E9
1370170501921;1.370170501848E9
1370170501973;1.370170501955E9
1370170502609;1.370170502571E9
1370170503263;1.370170503148E9
1370170503412;1.370170503403E9
1370170503761;1.370170503712E9
1370170504027;1.37017050387E9
1370170504148;1.370170503647E9
1370170504450;1.370170504449E9
1370170504650;1.370170503892E9
1370170504721;1.370170503856E9
1370170504996;1.370170504204E9
1370170505138;1.37017050459E9
1370170505232;1.370170505027E9
1370170505362;1.370170505335E9
1370170505422;1.370170505411E9
1370170505939;1.370170505733E9
1370170506142;1.370170505722E9
1370170506564;1.370170506557E9
1370170506960;1.370170506209E9
1370170507333;1.370170505921E9
1370170507348;1.370170506455E9
1370170507507;1.370170506746E9
1370170507640;1.370170507032E9
1370170507952;1.370170507439E9
1370170508012;1.370170506407E9
1370170508098;1.370170507554E9
1370170508147;1.370170507924E9
1370170508161;1.370170507379E9
1370170508453;1.370170508372E9
1370170508594;1.370170508377E9
1370170508832;1.370170508764E9
1370170509125;1.370170508686E9
1370170509215;1.370170508644E9
1370170509443;1.370170509401E9
1370170509468;1.37017050882E9
1370170509505;1.37017050947E9
1370170509733;1.370170509529E9
1370170509854;1.370170509763E9
1370170509896;1.370170509841E9
1370170509900;1.370170509882E9
1370170510712;1.37017051067E9
1370170510949;1.370170510909E9
1370170510999;1.370170510994E9
1370170511503;1.370170511442E9
1370170511722;1.37017051161E9
1370170511787;1.370170511695E9
1370170511815;1.370170511723E9
1370170512237;1.370170512214E9
1370170512330;1.370170512319E9
1370170512512;1.370170512405E9
1370170513136;1.370170513124E9
1370170513218;1.370170513211E9
1370170513499;1.370170513406E9
1370170513819;1.370170513652E9
1370170514267;1.370170514241E9
1370170514326;1.370170514294E9
1370170514706;1.370170514633E9
1370170514856;1.370170514561E9
1370170515063;1.370170514725E9
1370170515330;1.370170515223E9
1370170515418;1.370170514902E9
1370170515479;1.37017051509E9
1370170515765;1.370170515677E9
1370170515840;1.370170515667E9
1370170516192;1.370170516157E9
1370170516228;1.370170516202E9
1370170516296;1.370170516242E9
1370170516433;1.370170516415E9
1370170516496;1.370170516352E9
1370170517166;1.37017051671E9
1370170517261;1.370170517222E9
1370170517281;1.370170517201E9
1370170517299;1.370170517287E9
1370170517622;1.37017051756E9
1370170517627;1.370170517551E9
1370170517759;1.370170517641E9
1370170517814;1.370170517791E9
1370170517922;1.370170517867E9
1370170517966;1.370170517954E9
1370170518049;1.370170518041E9
1370170518176;1.370170518104E9
1370170518180;1.370170518121E9
1370170518480;1.370170518351E9
1370170518619;1.370170518592E9
1370170518678;1.370170518665E9
1370170518686;1.370170518649E9
1370170519102;1.370170518948E9
1370170519567;1.370170519441E9
1370170519815;1.370170519779E9
1370170519982;1.370170519959E9
1370170520090;1.370170519714E9
1370170520236;1.370170520206E9
1370170520304;1.370170520255E9
1370170520455;1.370170520273E9
1370170520578;1.370170520515E9
1370170520711;1.370170520661E9
1370170520992;1.370170520875E9
1370170521010;1.370170520945E9
1370170521050;1.370170521024E9
1370170521394;1.370170521308E9
1370170521619;1.370170521519E9
1370170521870;1.370170521399E9
1370170522134;1.370170521411E9
1370170522251;1.370170521851E9
1370170522255;1.370170521636E9
1370170522707;1.370170522316E9
1370170523001;1.370170522785E9
1370170523052;1.370170522844E9
1370170523180;1.370170523165E9
1370170523351;1.370170522765E9
1370170523522;1.370170523467E9
1370170523576;1.370170523542E9
1370170524020;1.370170523992E9
1370170524040;1.370170524039E9
1370170524671;1.37017052442E9
1370170524787;1.37017052469E9
